1000
10181.0 10075.0 10537.0
154.14 73.44 209.46 214.48
160.05 6.22 242.57 238.24
167.36 35.34 209.21 286.27
115.68 67.68 249.96 263.66
184.6 46.26 173.51 240.33
154.43 40.28 224.2 211.1
126.74 74.36 242.97 254.18
121.16 63.12 153.01 243.16
196.11 96.51 202.73 275.73
122.15 60.46 133.06 211.37
195.19 36.67 230.36 206.92
119.1 62.79 210.69 273.58
109.6 86.19 222.66 275.17
115.23 23.49 166.29 235.28
191.31 15.86 124.8 276.84
167.29 67.3 140.99 277.78
120.35 83.24 182.13 252.52
134.72 37.2 212.99 269.42
129.97 46.96 180.51 237.26
130.43 55.47 165.87 268.81
170.93 85.3 241.62 241.9
137.01 75.24 185.93 284.13
196.48 20.54 257.61 256.65
158.34 48.41 198.12 252.73
137.99 84.45 215.33 257.67
160.03 43.2 177.48 235.04
112.25 12.89 178.68 213.17
153.5 81.56 165.02 242.26
116.37 35.59 208.16 298.39
127.77 13.78 207.66 248.62
106.15 61.24 197.18 207.62
119.51 60.08 164.73 205.79
173.76 14.61 190.15 237.12
101.54 6.29 200.89 202.36
147.4 81.94 222.19 295.58
177.78 79.14 138.14 286.61
187.87 11.87 187.03 280.66
122.26 21.9 158.54 275.79
145.09 93.2 136.95 208.48
138.15 50.62 113.68 226.99
130.0 76.59 225.29 255.79
187.32 9.83 232.47 278.82
185.82 81.6 224.54 256.62
140.83 95.9 268.71 266.57
135.9 9.09 228.39 220.5
134.13 18.81 177.6 209.41
131.18 18.17 188.69 226.62
151.76 42.88 209.34 223.84
134.19 54.89 200.97 253.2
174.87 9.05 223.7 294.07
148.7 57.67 163.06 264.29
151.86 75.18 134.15 259.78
116.6 20.38 230.1 240.29
141.72 32.51 246.53 255.15
151.78 87.13 145.61 207.71
137.48 43.83 115.0 242.82
160.1 44.06 116.3 258.44
140.79 17.52 191.32 200.75
151.25 83.85 142.27 218.01
187.88 24.26 114.5 262.71
169.93 52.06 193.6 202.89
188.57 1.03 239.97 247.51
104.89 20.35 237.03 223.04
133.19 57.89 184.94 252.26
119.0 11.3 169.62 288.67
141.22 1.25 241.62 228.35
137.8 74.06 207.43 242.05
133.05 31.45 193.2 279.99
180.23 95.77 171.18 248.52
125.89 10.04 145.85 283.89
181.1 95.24 254.83 265.68
161.37 78.97 211.46 206.57
115.44 67.01 181.84 268.28
160.86 89.43 192.51 299.67
148.84 63.69 222.81 202.17
104.29 23.51 197.81 233.82
127.21 86.84 134.32 206.36
190.02 73.18 143.17 202.26
184.06 13.41 202.81 216.35
100.27 85.62 153.69 275.89
108.44 75.3 177.35 282.47
127.15 76.53 150.4 238.35
133.55 45.52 206.75 271.22
193.65 25.56 228.25 245.53
184.13 48.99 185.32 248.94
147.52 22.87 193.82 244.47
179.54 52.65 176.73 228.19
150.8 16.56 267.44 219.4
164.35 47.76 230.99 253.16
173.05 96.12 168.32 272.96
151.7 48.2 205.0 231.16
101.73 7.2 253.42 211.09
111.25 87.6 148.89 292.53
120.97 73.22 192.0 280.86
116.7 62.04 152.37 276.28
126.77 93.34 210.29 297.23
183.5 23.71 198.06 281.23
115.46 4.73 159.73 229.08
120.59 95.74 180.04 237.48
172.47 91.47 201.11 218.75
135.09 56.93 162.8 239.81
191.38 83.23 109.81 270.04
176.13 15.89 220.84 217.63
116.37 87.89 185.03 276.47
135.49 32.03 253.81 210.45
128.77 77.64 180.41 271.15
113.37 98.78 193.48 292.76
126.15 26.66 125.62 232.8
168.53 77.06 291.12 278.49
186.15 13.06 237.17 273.52
140.44 36.3 123.51 227.23
185.55 17.81 165.21 257.97
146.29 19.97 196.96 267.43
114.38 94.02 203.35 239.17
192.34 12.94 241.79 243.35
111.01 74.52 194.6 226.52
104.32 75.47 143.41 264.72
166.23 22.86 180.17 202.04
166.96 7.84 182.27 280.14
179.58 66.51 220.53 268.02
142.5 84.0 270.49 287.53
143.3 11.83 215.65 251.49
150.53 75.9 226.44 205.6
103.39 66.39 172.04 296.08
127.05 64.86 214.53 285.89
193.9 47.8 222.29 232.6
178.9 93.93 221.45 227.28
134.35 56.55 203.77 217.77
101.54 76.26 251.26 228.86
135.44 60.69 199.87 276.12
107.62 90.88 248.13 223.57
117.51 84.18 197.39 293.37
145.88 9.75 253.58 249.01
149.54 72.96 179.04 236.16
174.84 78.13 246.88 236.35
104.62 63.0 137.5 295.88
161.99 82.22 237.79 249.01
192.06 3.77 271.82 206.52
107.84 4.97 244.54 230.67
162.26 75.67 272.54 217.32
189.42 99.62 165.08 203.36
161.32 97.92 196.03 212.74
131.88 62.53 200.04 299.21
158.98 47.66 219.19 206.09
192.62 85.66 133.59 201.62
173.02 59.89 238.54 234.98
110.29 68.87 279.07 276.25
111.88 42.85 140.04 293.09
111.73 41.58 223.13 247.27
106.65 49.89 239.41 222.39
170.6 94.28 208.41 236.45
171.55 24.69 246.71 296.09
151.34 6.94 169.64 284.48
184.43 17.92 217.19 240.89
187.96 87.24 221.7 201.47
196.63 26.27 193.81 245.17
177.15 69.17 236.57 211.49
112.97 62.33 159.92 202.68
162.95 4.58 237.79 286.61
115.5 85.37 195.81 289.27
114.75 15.97 261.32 259.21
151.68 22.46 227.12 244.24
133.03 61.11 261.6 219.74
140.1 1.87 130.05 207.53
184.44 83.32 260.66 281.17
190.34 18.41 102.95 265.14
153.44 7.06 199.42 205.59
191.75 35.32 162.48 295.43
189.59 85.63 137.2 202.31
125.15 40.08 118.79 206.85
143.19 27.65 244.69 261.1
190.97 19.38 186.38 283.58
191.66 23.6 154.31 252.55
161.0 9.39 242.51 201.26
154.84 43.53 182.02 236.24
188.74 85.27 218.97 299.64
109.24 73.25 226.6 253.79
194.71 31.43 156.63 257.95
167.17 3.0 165.93 203.37
197.72 54.07 270.84 200.3
140.66 55.9 232.03 258.74
157.62 12.15 227.86 252.98
184.04 94.65 247.51 227.91
149.08 28.18 186.47 221.41
190.35 1.91 189.91 236.26
197.7 36.35 203.14 255.02
196.35 4.0 130.5 234.3
151.94 75.05 263.12 264.87
165.69 69.54 217.02 221.98
157.5 23.54 199.87 257.49
194.82 68.91 199.87 281.27
160.32 99.72 197.13 278.46
119.3 42.36 166.6 285.95
121.1 56.53 282.59 294.38
199.84 21.31 231.81 298.45
152.36 43.37 247.18 234.62
140.53 51.98 239.64 224.71
161.54 85.56 136.59 279.94
198.43 49.16 213.76 270.0
185.08 42.31 191.17 248.05
158.54 55.26 218.29 251.67
114.9 90.57 273.85 201.41
127.32 68.68 167.42 274.66
173.56 41.03 273.06 278.22
194.57 97.69 137.94 217.91
103.12 14.84 218.89 214.15
183.88 5.58 171.89 232.46
183.26 41.27 121.38 268.63
174.43 96.68 157.69 299.69
180.58 81.88 272.96 284.12
174.78 6.14 226.69 204.7
110.15 7.07 208.34 202.09
136.93 37.77 164.41 299.3
115.42 96.98 272.11 205.62
137.55 56.3 145.87 205.14
168.49 92.32 205.62 237.21
194.12 48.81 239.22 246.6
133.09 33.77 153.24 201.23
122.71 15.81 203.72 253.37
114.87 44.73 203.66 273.32
183.96 90.41 134.98 268.47
120.44 16.41 263.06 289.22
134.93 55.91 242.99 243.22
123.87 30.39 254.24 216.66
186.51 38.66 261.93 223.08
102.29 27.64 208.7 275.24
163.96 66.55 179.03 285.12
146.74 65.36 189.97 236.46
177.74 34.06 235.94 234.03
124.08 26.23 210.49 234.1
137.75 57.11 208.71 284.31
111.64 65.61 202.35 244.43
161.58 43.21 137.6 274.78
135.46 60.12 171.28 216.81
126.13 9.01 271.7 297.22
175.93 65.56 199.03 239.7
164.68 92.51 121.11 277.65
159.96 62.28 210.02 257.0
150.79 30.36 132.39 242.87
156.64 4.6 122.14 266.67
148.2 15.94 189.61 216.2
140.92 82.49 147.76 200.68
115.9 65.68 223.86 203.37
149.65 2.8 195.69 281.64
170.29 91.74 170.69 291.38
111.93 23.66 226.8 272.97
192.71 2.21 206.27 281.52
181.31 54.96 259.99 256.18
171.79 14.94 249.13 281.1
142.34 19.53 212.73 262.9
151.36 7.61 196.25 238.56
173.87 82.0 266.04 208.35
198.61 70.73 225.36 287.88
144.43 2.43 179.93 256.97
168.46 82.86 217.3 275.29
167.14 25.44 164.44 238.4
160.0 22.45 188.88 220.27
178.02 79.84 212.28 268.79
120.03 89.71 244.35 252.82
169.21 51.65 230.22 209.6
189.61 43.65 159.49 294.73
164.84 31.15 278.29 226.13
113.26 34.03 253.49 292.77
100.04 37.85 260.53 232.94
144.28 74.23 132.17 256.69
193.57 49.65 271.58 256.0
100.81 7.19 160.43 283.61
127.07 69.15 220.7 290.04
165.72 52.47 199.37 281.14
142.59 79.51 208.91 231.03
126.22 4.63 171.6 219.06
171.23 18.44 157.04 296.78
145.14 57.29 294.41 231.55
188.9 35.28 196.64 225.9
111.78 37.47 181.44 202.97
176.24 85.09 244.45 218.73
103.02 82.74 222.53 280.68
193.14 21.98 211.48 282.58
180.17 88.86 201.66 211.57
117.14 36.84 228.34 252.41
145.26 75.47 173.22 253.1
189.31 59.88 231.44 225.44
168.67 80.38 140.14 223.56
178.56 16.4 276.15 276.7
133.13 13.11 227.42 274.6
157.55 37.68 152.53 293.94
108.99 82.6 185.66 224.14
198.17 39.63 208.33 296.71
114.27 91.94 209.67 256.65
195.98 94.12 268.88 225.02
154.56 8.08 179.74 236.5
123.51 16.45 220.36 237.94
125.39 29.47 163.84 294.72
126.93 71.2 180.28 279.62
145.09 59.73 142.16 257.26
153.42 95.7 193.42 211.76
154.21 13.73 199.68 241.82
189.7 82.17 237.97 200.72
172.94 22.84 139.55 298.77
193.85 71.33 201.52 281.69
102.03 33.53 136.81 289.17
131.92 26.23 238.81 261.88
144.91 65.4 166.83 293.45
183.31 29.44 223.42 229.27
179.13 53.22 136.91 222.69
102.91 11.22 146.87 213.36
165.9 74.13 179.46 245.7
171.41 87.2 227.46 269.07
104.3 11.63 138.29 261.2
108.58 15.9 175.89 206.61
180.67 54.97 210.45 294.52
141.14 24.46 206.03 247.62
143.3 71.9 201.77 203.82
169.03 43.45 258.54 246.61
127.63 73.94 217.41 247.77
139.57 98.2 260.08 213.82
188.28 44.22 188.61 206.95
111.33 16.66 195.42 241.31
180.06 67.0 139.04 234.66
152.96 34.44 193.54 242.09
123.88 92.1 237.34 261.71
144.28 75.95 210.37 237.4
194.57 20.14 221.7 237.49
127.28 75.11 135.24 206.58
157.98 56.73 160.48 282.48
151.95 18.9 244.15 278.5
105.09 60.26 169.1 211.94
124.28 57.3 210.42 238.67
184.22 49.75 233.15 236.44
133.97 41.46 196.13 221.37
138.99 96.28 280.52 228.39
115.29 13.39 213.84 243.21
114.64 84.99 231.95 228.99
121.09 80.23 199.33 217.12
105.11 16.57 194.34 205.19
113.77 70.42 201.22 242.56
167.58 87.03 216.26 246.79
179.52 62.18 256.67 246.5
113.39 84.45 220.61 286.22
157.39 91.9 179.73 235.29
116.15 93.62 147.33 207.53
110.19 91.96 138.46 299.94
195.91 84.04 121.16 200.34
178.4 92.46 260.85 201.25
100.85 69.64 195.29 255.51
129.84 38.94 221.61 237.21
132.1 40.21 229.17 249.65
178.65 94.55 221.63 215.84
101.95 43.62 151.89 289.53
171.47 40.34 173.44 292.03
157.37 70.82 228.79 209.4
101.56 50.73 113.05 274.99
129.63 86.03 233.04 272.45
169.69 15.27 171.84 263.48
195.63 71.16 184.18 273.79
114.84 20.15 128.57 202.9
128.56 31.02 230.27 259.24
157.57 33.88 225.17 236.64
106.8 75.79 259.76 204.31
111.33 77.62 188.87 215.01
140.13 45.42 152.35 253.69
130.58 53.59 134.64 215.37
136.42 85.67 207.12 283.37
121.17 79.26 178.84 202.11
129.75 91.05 199.45 289.29
172.31 83.01 263.9 231.56
143.44 89.76 247.62 271.68
175.38 74.31 233.1 250.17
125.67 90.05 158.95 207.84
191.16 44.13 152.91 257.48
112.79 34.17 232.76 270.53
162.0 12.01 238.06 239.7
156.02 26.27 135.32 219.77
186.17 67.19 247.83 295.44
183.38 92.88 195.03 262.5
163.95 53.44 220.46 255.45
115.93 50.1 222.29 223.94
164.64 42.75 142.29 263.44
157.21 48.32 248.82 293.83
186.92 11.65 180.57 222.0
117.94 65.91 238.51 215.06
118.4 87.97 203.6 267.38
165.45 54.9 191.95 257.44
116.96 32.25 223.07 205.82
134.07 34.82 163.85 225.81
120.27 10.09 122.11 264.16
182.69 33.35 138.32 289.57
120.4 5.67 245.92 253.76
134.05 23.76 239.17 214.58
141.14 10.21 122.02 254.28
172.74 35.02 224.15 287.39
155.7 45.06 119.03 248.02
193.68 78.9 169.0 236.42
186.73 30.7 247.86 225.91
114.6 11.63 150.8 219.36
164.83 47.49 243.89 219.12
170.82 96.79 153.69 266.35
191.16 91.31 134.42 211.52
151.62 73.75 163.39 203.06
166.23 27.05 184.16 201.01
103.85 54.46 208.7 224.68
146.19 72.4 176.31 246.4
101.35 82.44 250.23 261.11
177.48 6.45 142.25 256.18
180.84 57.74 168.85 214.86
167.77 41.2 136.89 210.17
177.01 6.36 210.98 289.0
185.23 12.05 176.64 245.11
125.66 13.12 196.96 268.61
198.53 78.87 219.07 204.78
107.2 59.34 238.5 294.8
133.05 42.51 203.55 266.29
164.13 65.58 201.3 257.93
147.22 50.5 236.71 257.77
187.3 54.08 210.84 221.08
174.9 52.65 249.9 276.84
147.44 68.46 252.67 237.64
193.62 69.53 171.71 241.6
140.43 84.26 183.67 228.38
115.9 85.86 208.39 255.59
189.45 11.07 152.5 283.49
156.68 98.66 197.47 276.92
195.38 97.27 193.08 243.62
111.05 46.26 280.07 285.19
102.25 22.57 239.66 291.93
109.91 42.21 137.55 264.57
191.25 14.64 158.97 229.49
179.98 96.6 254.02 284.22
149.41 38.77 255.9 215.0
155.12 32.81 166.97 270.12
182.2 79.79 157.09 224.94
149.55 22.03 156.0 213.01
181.09 7.44 201.19 221.27
120.88 34.39 257.22 234.83
181.66 26.3 188.2 227.84
107.31 21.6 280.57 229.08
161.84 49.84 203.04 292.2
192.23 76.57 152.91 246.0
163.98 10.3 194.4 297.69
135.23 9.71 149.29 223.57
133.48 32.42 176.51 260.03
169.72 64.38 212.62 209.07
180.02 57.58 159.47 273.68
183.64 6.1 155.35 205.32
140.92 90.27 262.12 230.47
117.68 78.93 159.35 243.9
199.4 90.88 173.14 265.6
160.19 26.97 214.27 280.21
108.97 74.82 194.0 291.19
177.24 29.65 105.87 242.3
140.55 49.93 167.42 275.92
134.72 41.5 181.29 233.25
185.38 52.62 197.65 278.61
109.85 10.54 200.02 221.25
185.59 42.34 234.31 211.98
121.21 63.31 172.43 223.43
155.32 29.61 211.49 242.98
111.62 36.63 141.9 218.7
118.18 38.34 269.2 206.89
169.08 59.68 172.37 258.43
108.34 56.1 203.19 227.54
197.07 29.67 194.13 296.85
135.89 14.0 221.53 227.4
153.08 7.96 144.01 230.19
103.33 96.9 212.15 285.97
115.71 16.13 264.28 223.57
113.61 64.79 182.45 257.23
138.77 69.7 206.95 277.16
196.25 56.74 248.7 219.22
183.57 18.97 145.09 239.77
151.88 55.96 160.48 291.72
162.42 94.23 211.54 230.73
177.73 79.13 207.79 240.96
188.62 34.55 246.52 220.76
105.63 47.8 189.61 258.14
131.54 69.73 160.14 277.91
131.76 79.68 218.07 294.03
113.44 57.63 210.33 202.47
157.34 50.15 242.3 294.66
148.45 12.57 255.17 295.35
110.8 38.76 248.4 242.89
117.42 63.54 154.24 231.47
159.66 5.02 143.23 279.14
107.61 1.96 158.0 221.2
106.03 17.21 206.47 225.56
153.41 91.5 260.13 239.72
155.43 64.53 187.1 235.57
100.57 96.8 177.66 282.71
183.66 97.7 259.78 219.81
129.54 22.78 214.6 233.45
122.45 93.65 158.78 217.65
147.15 52.49 204.81 256.14
194.09 31.01 258.83 204.67
134.08 26.14 170.15 236.52
163.51 83.92 121.4 284.3
108.77 63.92 189.53 228.16
120.08 28.46 242.43 277.5
108.97 22.01 168.98 255.8
128.71 24.74 222.75 227.06
118.68 7.48 185.7 259.43
114.43 37.14 244.58 252.54
111.77 54.48 226.06 276.06
120.1 90.06 213.9 241.77
139.58 91.73 181.29 291.36
157.95 89.72 161.83 237.36
129.21 21.0 148.52 229.98
198.17 72.95 243.97 211.69
118.21 32.85 252.33 255.85
194.44 85.65 167.47 281.13
175.71 9.72 290.88 285.39
118.23 50.49 170.13 242.86
119.92 91.68 243.81 257.44
130.74 54.27 161.49 275.03
103.77 10.72 123.8 241.28
108.11 43.63 115.75 246.82
157.75 40.04 165.91 270.65
188.18 87.82 229.31 282.16
130.83 96.3 124.34 286.27
180.4 87.65 276.45 249.57
175.38 27.63 210.09 289.07
133.45 49.93 248.57 200.38
100.34 99.79 195.14 249.16
113.52 15.48 143.38 214.55
188.09 18.3 142.8 271.79
180.8 97.13 203.33 211.92
134.51 14.97 228.91 275.74
143.6 46.17 218.65 252.58
104.82 28.25 193.33 270.37
160.63 31.39 205.04 253.94
191.72 19.22 151.92 209.48
132.14 18.8 221.33 234.88
172.18 34.78 255.08 216.8
112.65 30.88 130.6 287.11
110.36 9.33 221.22 211.06
131.93 66.63 244.75 227.75
109.92 75.03 123.1 251.99
192.85 28.14 196.3 281.94
128.7 94.55 149.26 230.31
118.48 75.44 205.86 235.55
193.5 85.66 124.53 214.83
129.96 51.11 186.3 204.14
185.22 83.6 220.17 238.52
152.65 22.37 181.78 226.11
144.2 66.83 239.08 202.82
160.44 2.05 261.05 285.34
191.12 21.53 138.11 256.01
195.36 93.52 197.4 262.15
172.28 68.46 152.56 254.79
101.98 62.25 166.44 213.31
140.92 84.68 134.9 242.05
107.58 24.25 122.7 232.71
119.67 49.19 174.26 262.23
156.32 52.05 201.72 290.55
193.7 25.41 237.61 241.79
101.34 77.35 243.93 220.49
105.82 15.57 185.03 212.9
179.91 72.83 253.91 287.24
115.58 37.26 193.37 245.84
169.32 75.51 212.07 229.85
131.24 96.18 164.96 230.92
118.93 26.35 184.8 240.68
194.41 26.4 150.67 270.42
152.7 42.46 201.13 273.21
126.72 17.78 282.62 279.99
100.26 9.01 147.53 256.89
155.37 62.0 261.24 210.47
147.0 99.65 225.54 295.49
164.26 67.51 197.07 271.74
175.92 30.69 147.71 229.11
131.7 75.92 170.47 211.82
142.99 20.03 220.34 218.23
143.83 56.6 217.51 280.87
189.74 90.36 177.94 242.04
168.62 81.5 209.68 266.51
122.42 49.37 152.93 289.24
132.73 35.83 135.16 268.28
113.03 63.73 219.34 299.02
142.19 4.33 283.24 223.37
142.68 20.05 233.46 208.37
179.85 93.88 180.09 232.69
184.08 78.28 226.0 299.98
155.54 63.22 240.49 268.47
109.58 88.05 195.38 234.76
177.68 48.79 201.34 258.14
103.75 98.15 187.71 289.91
139.21 16.97 197.57 207.95
145.64 12.86 149.64 213.1
173.03 3.46 222.12 224.0
129.66 71.5 166.89 294.18
154.65 52.1 211.23 285.23
130.79 97.94 228.96 240.52
112.93 56.93 233.94 246.97
117.82 9.93 167.05 280.66
134.82 79.76 180.4 269.24
184.45 26.66 234.06 278.09
159.89 83.12 135.73 242.01
181.79 38.82 185.64 231.99
194.17 2.23 145.5 298.81
117.87 92.38 193.34 217.13
147.39 48.92 223.26 250.58
108.95 26.99 222.26 219.3
104.36 89.95 197.72 271.63
183.19 36.59 200.87 215.2
124.19 94.47 181.21 245.85
108.87 12.98 192.73 265.01
185.04 3.97 223.79 275.3
173.88 35.87 143.16 275.2
134.99 54.79 238.12 253.05
104.39 51.59 227.97 298.58
188.65 73.27 225.52 209.11
159.8 35.86 231.99 256.48
177.44 53.96 132.87 272.13
118.71 59.34 208.27 288.46
191.5 84.53 219.25 262.33
162.57 13.09 195.33 254.5
101.2 97.74 228.84 220.25
151.7 48.4 296.12 287.53
189.74 34.46 169.49 219.39
185.83 75.8 161.61 297.13
177.33 28.95 213.32 234.78
144.72 30.17 113.5 290.58
161.21 25.77 222.26 262.91
194.54 73.98 238.98 246.08
166.0 79.64 144.35 254.47
102.56 65.73 175.07 230.14
190.29 93.45 184.15 251.39
172.67 98.29 196.93 239.94
162.65 98.9 179.66 229.19
133.38 97.03 185.57 257.42
135.92 10.39 216.2 298.01
105.47 15.83 173.62 280.91
144.94 89.91 150.18 237.51
152.44 44.98 199.53 271.06
138.53 86.8 156.41 251.08
117.99 4.81 220.68 236.53
165.03 41.95 126.13 244.85
129.41 95.46 211.67 231.43
158.95 10.43 234.07 289.14
151.72 41.72 171.69 268.11
186.0 73.88 227.15 292.78
106.78 67.53 203.77 268.16
176.0 56.1 258.05 202.81
110.43 14.41 174.73 222.74
170.0 88.57 243.85 276.95
148.81 73.08 181.23 203.95
189.35 21.96 181.86 233.2
127.98 65.82 167.95 260.11
145.76 97.71 210.73 228.73
194.89 13.23 274.17 253.11
167.54 31.99 200.54 281.98
140.57 86.08 186.85 252.08
128.55 91.77 240.11 252.83
112.28 58.93 140.29 276.04
192.7 37.43 171.03 201.67
122.03 93.09 237.8 288.36
161.64 63.75 119.26 213.53
136.14 13.19 213.16 224.88
108.76 30.3 120.0 274.37
128.7 30.14 260.44 234.39
103.18 87.73 141.16 292.05
146.04 52.91 207.9 251.38
187.6 98.58 209.44 211.65
165.19 37.87 259.59 223.83
197.17 4.77 176.48 244.27
150.95 7.36 197.81 288.7
103.01 12.92 220.06 275.3
110.73 45.12 194.8 219.15
180.09 65.93 175.56 284.34
181.21 51.08 194.33 206.25
100.77 23.32 178.67 225.25
100.34 75.13 198.88 263.82
176.6 61.45 199.24 267.53
143.56 27.58 263.28 234.96
131.16 42.57 154.83 293.29
187.7 35.16 272.63 215.02
186.8 6.81 181.06 238.57
116.01 37.03 127.73 286.74
185.79 36.9 208.95 231.54
122.08 82.29 134.18 276.5
123.7 65.15 269.32 286.62
172.69 33.68 243.34 218.74
143.0 86.27 113.35 265.14
114.84 54.81 263.41 285.64
179.19 81.2 232.89 280.77
168.74 69.96 193.83 234.21
126.44 62.11 194.81 223.94
170.25 60.2 248.22 253.23
194.61 23.66 252.14 211.6
131.12 5.69 220.09 287.64
102.64 16.17 200.5 275.09
128.26 11.08 228.39 270.5
117.97 9.89 202.81 251.99
152.23 54.54 247.39 201.29
140.2 2.9 214.73 261.81
127.2 87.28 150.98 222.4
197.13 15.98 263.09 291.21
104.87 91.76 260.06 272.25
186.55 32.17 164.2 240.36
154.56 11.55 246.12 241.7
192.1 18.3 129.06 221.24
127.98 42.66 132.0 290.18
125.98 81.41 240.88 291.68
121.83 18.01 117.51 203.79
108.86 47.65 246.66 216.32
182.21 31.44 168.11 207.45
195.25 45.34 187.4 255.84
110.79 81.4 232.89 247.9
149.12 39.03 152.83 281.86
163.84 11.09 192.17 284.02
118.63 60.34 244.88 297.72
169.01 65.09 199.31 290.46
152.99 5.05 188.91 251.83
155.97 1.25 272.35 283.3
121.1 42.25 247.57 224.44
170.26 41.01 176.56 216.28
119.21 94.08 192.45 260.11
130.12 23.98 264.48 222.56
170.79 68.65 244.93 245.0
137.73 43.17 188.37 270.18
118.91 98.97 200.63 240.56
196.56 67.38 177.62 234.45
118.93 15.86 163.95 296.75
144.77 5.61 231.94 240.12
118.19 48.13 199.47 287.34
134.83 5.82 202.65 237.43
183.75 48.72 256.13 235.22
101.99 52.73 164.42 260.51
165.17 54.79 163.18 265.45
161.06 93.48 163.28 275.41
134.74 8.11 199.1 244.32
196.35 39.17 274.95 200.06
125.6 91.63 244.03 255.05
130.18 32.17 149.21 274.57
166.2 68.98 215.98 276.63
123.78 12.59 172.98 243.0
125.29 14.42 209.73 297.37
121.57 79.41 182.48 298.12
120.4 14.66 212.34 249.43
128.57 36.39 217.37 216.44
186.96 75.55 162.24 202.55
159.14 29.38 201.0 202.18
177.67 47.47 257.98 287.56
157.41 95.8 149.57 282.55
160.73 14.31 257.37 298.18
181.54 14.27 259.16 260.1
181.01 43.13 266.15 210.19
184.97 13.26 124.54 241.17
128.06 87.21 139.05 245.89
128.29 42.73 202.39 210.84
114.58 14.38 235.26 294.97
173.41 22.79 141.83 243.62
121.56 7.98 185.36 247.02
188.4 21.02 230.97 202.39
118.37 98.71 210.69 272.29
158.66 42.54 222.53 208.51
110.66 55.53 258.6 270.19
158.02 72.09 225.8 290.45
106.82 80.78 185.3 277.9
186.92 71.19 251.26 235.05
124.9 60.36 268.77 203.31
159.3 76.24 228.44 241.07
169.31 50.7 190.83 207.68
102.45 7.5 193.91 241.16
103.7 98.4 214.98 204.16
143.32 69.51 279.35 284.64
102.77 74.83 246.06 240.52
156.36 49.02 245.31 202.53
111.27 92.34 281.32 272.56
122.04 35.14 241.79 297.12
119.34 52.71 243.41 251.13
182.0 95.9 215.02 296.35
100.96 53.43 191.84 255.7
176.56 95.47 138.27 229.63
170.13 44.69 209.77 200.87
139.45 59.03 173.7 263.52
150.68 71.32 170.17 288.25
162.62 56.34 172.38 264.35
103.49 81.82 193.16 237.03
114.45 44.61 268.59 208.78
119.84 12.22 206.41 275.49
106.89 3.38 246.61 254.29
177.46 75.87 145.74 206.71
142.08 76.14 206.07 256.47
189.31 3.73 163.76 224.18
187.12 85.21 191.23 210.99
161.47 76.06 174.71 258.38
124.4 1.99 148.1 270.73
117.55 62.91 197.59 213.43
109.46 89.06 210.4 249.99
117.21 85.03 182.49 214.53
149.82 15.35 152.33 279.66
182.0 36.19 196.57 245.03
112.61 3.82 206.96 206.12
133.97 50.82 196.72 235.79
110.57 85.95 139.86 297.26
125.97 61.82 214.93 295.0
171.7 38.94 222.39 253.17
141.89 89.27 166.32 292.55
170.36 10.16 244.33 210.67
160.04 93.5 162.67 228.68
133.16 22.29 228.08 222.55
121.05 14.46 107.51 224.92
156.54 41.52 240.17 265.72
176.41 2.99 199.63 295.1
160.15 55.52 151.24 282.89
184.77 85.9 216.35 210.74
166.53 68.83 208.58 247.35
145.12 61.15 175.44 267.31
180.17 78.87 280.09 281.28
157.24 66.4 164.7 277.13
111.82 90.09 168.36 264.42
161.01 56.36 185.55 297.9
180.99 85.59 228.14 205.96
143.45 99.98 134.78 241.61
154.22 34.61 215.39 298.9
197.15 77.63 132.7 201.43
130.05 72.19 198.96 291.07
136.76 46.9 236.13 240.07
124.64 48.57 177.52 241.5
186.99 40.83 194.56 205.19
116.64 70.28 182.65 281.38
162.06 32.12 200.48 279.63
155.46 55.29 152.06 250.76
180.67 91.79 198.83 205.1
121.18 80.44 178.5 230.39
190.23 79.92 254.0 278.89
182.56 2.27 235.5 236.69
151.04 43.72 212.2 299.29
155.11 22.99 148.93 265.46
171.11 50.45 239.47 243.67
108.5 44.41 150.16 257.43
157.18 62.71 203.49 212.0
187.71 18.12 265.34 240.77
106.55 47.18 156.28 205.39
147.63 97.06 150.08 228.92
190.2 32.46 211.72 270.2
158.5 82.96 231.41 272.24
157.5 81.77 203.06 221.05
188.77 80.13 197.86 299.12
187.39 92.84 160.69 216.06
197.07 5.02 217.96 297.11
102.51 56.29 132.63 294.8
146.52 60.51 276.45 298.91
139.91 63.01 210.66 251.55
168.95 78.14 180.21 269.93
192.25 97.05 210.18 281.21
195.7 28.01 202.88 257.59
178.0 1.54 202.13 242.02
183.6 40.04 180.67 215.84
107.19 40.32 224.32 267.97
156.06 45.43 217.48 290.23
146.29 13.71 206.06 290.04
118.05 90.65 208.57 269.19
188.22 34.5 226.77 287.51
113.8 39.06 144.31 277.8
108.21 48.98 245.63 256.54
198.26 27.3 236.43 223.86
193.4 76.89 248.42 273.6
188.89 70.44 219.01 210.09
126.54 81.7 261.15 264.4
184.08 75.55 242.32 232.69
164.34 36.16 192.57 209.25
133.45 60.01 205.93 250.12
194.68 85.48 234.98 238.55
120.39 25.53 128.4 271.68
151.25 68.85 276.74 231.72
196.03 81.23 269.84 296.55
126.08 87.95 219.6 201.4
143.94 49.01 207.68 217.06
137.76 66.02 228.32 246.78
174.13 38.67 225.57 299.0
112.57 17.5 231.04 254.83
160.65 27.85 206.13 200.77
140.98 75.2 159.84 256.31
150.92 17.98 247.94 237.19
113.26 75.18 273.24 216.49
189.1 16.34 225.53 233.66
124.6 66.7 152.0 241.64
152.4 97.29 260.18 208.64
111.6 6.79 226.2 239.91
151.68 8.54 163.12 275.19
150.59 19.98 219.55 272.46
127.32 32.07 144.55 221.32
124.55 84.82 162.81 230.18
156.75 30.0 227.06 299.16
168.69 47.77 236.88 298.8
144.85 25.64 154.12 204.25
168.56 47.38 188.09 208.36
129.2 56.35 232.23 279.52
167.51 58.49 292.09 270.19
132.45 96.37 222.1 277.39
118.92 58.01 298.66 262.14
125.38 11.51 217.75 219.11
150.52 77.56 199.71 297.04
146.94 90.72 169.73 201.74
177.76 37.88 205.75 242.19
196.94 72.02 224.77 219.91
194.25 28.38 137.85 287.75
122.39 89.14 164.01 207.79
172.51 56.72 229.08 215.71
132.34 42.62 216.63 251.22
105.08 68.35 188.6 298.02
133.22 19.96 173.56 232.93
132.45 97.41 201.41 213.38
109.5 82.0 178.79 224.26
197.71 79.12 182.0 258.98
141.14 31.8 262.66 266.26
148.55 54.59 181.98 247.12
132.41 2.47 168.86 251.05
165.8 63.69 133.25 297.53
180.58 17.33 120.01 242.7
127.68 7.42 253.62 206.52
144.08 2.5 256.38 249.02
115.65 50.66 162.76 279.14
186.44 73.55 183.98 298.97
135.17 19.31 239.82 294.85
175.45 96.74 283.46 254.66
162.47 49.43 197.26 205.53
197.99 62.38 164.03 265.59
100.84 11.06 195.79 223.95
148.76 90.23 234.52 211.94
132.11 91.71 147.69 240.75
136.11 77.35 160.03 247.6
156.04 88.67 253.86 252.93
186.36 94.39 196.83 275.45
121.56 12.53 195.04 229.86
186.3 3.74 199.01 235.31
166.07 52.28 238.08 232.21
119.02 27.94 154.99 212.97
127.45 96.35 245.74 259.2
106.1 60.25 185.54 204.58
174.16 22.88 163.09 206.46
166.38 22.54 252.06 269.88
195.28 32.77 234.1 290.11
103.2 11.43 261.14 219.91
143.66 72.6 151.7 253.99
146.57 82.18 208.38 219.03
121.57 60.38 124.86 242.6
102.07 38.55 166.12 222.97
116.69 20.62 187.19 242.36
165.58 9.83 183.29 214.97
137.85 90.89 240.37 269.51
127.43 32.5 215.11 209.16
197.19 90.58 244.45 209.01
137.28 77.85 209.38 206.49
113.98 72.49 197.48 260.42
188.83 8.53 181.85 262.57
130.1 24.59 160.9 243.71
190.58 18.81 219.71 262.1
195.74 99.89 196.73 210.18
148.36 9.57 152.32 279.0
163.39 23.54 271.95 245.58
102.81 9.62 223.34 201.21
189.77 64.17 180.05 243.69
102.1 61.82 133.67 284.19
141.56 85.82 207.94 264.98
161.21 95.03 171.15 278.28
170.68 50.59 166.23 284.15
197.44 37.28 173.12 279.51
111.53 66.63 190.74 245.16
118.67 4.31 231.94 289.15
187.15 74.14 247.92 250.76
144.87 83.03 200.66 251.06
111.35 35.4 163.97 230.79
164.36 32.34 186.8 200.11
116.23 53.12 233.39 233.51
184.23 79.4 229.27 284.03
194.52 90.78 179.36 262.71
179.12 78.33 230.33 228.51
138.18 59.16 290.31 265.62
138.22 84.0 182.04 297.29
120.05 13.61 278.63 234.79
116.23 75.6 193.41 282.02
151.75 77.21 248.25 266.21
193.07 88.48 209.81 267.49
166.89 55.95 210.2 297.46
142.87 85.36 224.78 280.66
184.7 94.94 157.2 292.95
135.02 60.82 126.88 235.26
120.4 26.79 184.18 277.62
134.04 60.59 187.64 243.48
172.78 47.79 192.83 281.11
195.92 42.41 232.93 273.14
177.86 37.26 252.79 222.59
141.33 37.4 219.88 284.79
101.67 15.03 122.11 233.93
164.36 57.8 203.59 286.28
113.47 74.72 231.52 266.72
121.45 41.29 175.6 299.02
133.18 86.23 192.08 229.31
151.15 22.09 168.62 264.17
193.28 68.76 225.01 256.18
177.88 56.33 230.17 251.21
197.47 14.59 256.45 217.33
178.75 10.3 286.35 261.47
159.45 3.73 213.1 221.44
173.94 93.84 136.23 212.8
157.85 18.17 264.9 233.52
155.93 62.48 261.88 281.38
164.59 84.27 169.31 281.5
