700
10280.0 9894.0 10404.0
194.0 134.7 215.06 379.99
300.72 83.01 350.15 381.61
184.1 8.99 329.67 355.84
295.23 84.25 306.8 441.44
253.09 140.49 425.72 448.63
207.76 128.26 282.09 355.73
196.54 153.34 326.55 350.51
212.74 140.51 371.41 437.06
228.08 33.72 407.06 336.76
242.33 57.22 285.49 393.88
298.93 105.95 311.21 401.99
270.77 110.61 358.44 368.35
246.36 55.52 246.5 441.57
287.44 109.47 347.9 380.03
285.6 6.07 333.65 353.29
256.23 60.93 425.72 439.34
186.78 62.28 324.01 361.64
236.35 82.14 249.82 456.61
174.37 6.74 279.1 366.55
304.92 46.55 310.6 317.04
280.28 55.42 305.86 324.85
250.41 129.34 214.14 354.97
230.1 153.15 347.57 316.04
308.34 73.3 292.12 342.22
274.58 103.0 369.83 439.8
167.63 123.02 350.09 340.98
263.94 149.07 215.27 349.38
223.63 34.78 216.0 403.92
235.07 69.96 352.55 381.68
172.94 98.35 222.67 432.9
178.49 4.25 279.26 399.45
266.52 144.87 234.39 385.09
229.73 36.56 356.35 318.35
279.57 150.69 302.18 350.75
168.71 129.66 357.92 364.51
266.1 23.69 338.83 443.84
273.85 40.3 233.08 417.2
271.01 92.14 402.21 451.13
263.99 28.21 233.62 419.17
228.48 1.77 325.62 397.41
165.33 107.97 391.35 461.55
202.12 32.11 351.92 358.34
176.5 12.97 308.06 446.49
264.91 28.32 301.78 360.81
253.46 131.99 355.43 317.97
272.18 106.42 291.57 361.99
248.29 114.25 331.93 334.28
216.23 98.47 379.82 419.41
293.01 75.65 270.61 360.14
293.49 146.21 329.45 319.1
236.8 94.37 183.84 334.33
160.41 114.98 411.77 409.8
293.69 11.72 271.56 434.38
186.39 63.57 379.61 324.17
234.33 29.68 343.79 324.62
188.59 150.99 212.62 411.19
207.74 55.85 315.83 355.05
176.6 44.89 402.93 334.31
298.71 150.52 287.0 417.78
273.85 53.05 382.97 451.71
310.56 10.3 359.81 459.34
194.5 47.61 297.86 440.14
176.5 137.66 230.75 441.34
281.49 78.66 248.41 382.57
250.73 122.17 357.44 458.53
275.52 125.15 243.37 461.83
197.02 42.92 458.96 409.29
243.33 34.51 425.77 442.36
229.65 80.36 300.28 461.01
198.05 109.17 250.79 426.29
203.9 41.52 277.62 394.37
278.2 155.66 381.31 372.27
204.08 127.93 241.67 423.74
231.73 70.23 334.11 334.54
213.89 90.98 369.75 441.26
288.29 23.35 390.47 354.01
192.2 5.1 327.73 403.43
220.63 15.37 263.51 452.77
199.25 4.54 306.09 431.51
211.98 38.08 325.97 400.11
208.94 96.91 357.88 344.73
183.76 118.41 277.8 468.4
232.15 152.93 366.17 467.98
266.46 17.7 412.46 461.29
289.74 14.1 451.49 433.77
204.1 122.66 259.23 430.37
296.65 146.52 374.5 436.75
212.7 149.58 281.72 338.25
252.67 91.45 420.2 416.35
160.58 110.37 202.18 395.65
262.59 106.13 233.94 413.4
230.1 104.78 356.91 436.89
306.58 63.28 357.23 316.92
170.5 16.07 204.54 461.6
267.81 61.5 272.02 437.5
215.16 49.17 442.87 382.14
180.73 15.43 263.9 456.2
258.84 142.84 364.95 381.76
300.65 65.12 403.43 320.84
220.81 91.59 354.75 388.25
206.3 136.47 306.81 428.82
277.05 112.05 315.88 333.1
290.07 110.83 372.61 358.11
183.31 26.7 383.72 449.13
167.4 75.18 289.77 391.49
191.6 108.38 279.59 444.91
312.13 121.66 416.25 380.86
190.74 81.28 430.6 463.95
222.99 76.01 417.45 319.65
207.56 67.53 330.0 398.17
269.98 82.96 291.11 426.77
296.1 114.67 231.2 386.73
210.88 90.38 437.38 438.91
256.77 57.55 401.58 317.05
270.56 90.15 436.45 437.08
217.29 31.16 285.64 321.38
305.42 79.22 376.3 412.81
202.95 151.83 315.21 328.62
232.7 74.04 269.41 451.5
227.82 106.36 265.71 378.32
214.4 48.06 271.58 418.82
207.3 8.73 369.84 317.84
214.7 151.52 338.95 383.51
310.41 37.86 347.67 394.88
177.63 139.72 272.57 339.58
295.11 114.91 254.75 325.55
163.62 35.32 387.24 329.88
259.35 15.24 319.65 344.5
165.62 133.69 174.55 444.66
171.4 14.48 396.46 384.56
289.7 115.09 372.36 332.05
246.15 140.67 296.68 416.06
236.6 116.76 303.49 352.64
260.27 1.76 219.41 437.95
196.55 64.36 359.37 399.0
301.73 102.27 228.2 452.67
200.96 138.74 299.41 422.31
299.25 98.19 347.41 313.54
170.53 63.48 323.17 464.71
245.59 118.32 353.88 378.86
205.16 133.29 322.98 434.78
234.59 19.09 331.84 400.82
303.78 114.43 332.11 315.69
294.96 134.22 329.03 465.4
203.64 48.23 298.21 391.58
263.42 105.85 246.0 391.65
200.93 34.04 358.89 329.32
165.86 70.4 264.95 403.07
269.37 60.37 340.44 427.18
168.15 61.64 332.41 326.39
273.03 41.99 319.07 346.25
157.1 17.14 279.01 434.08
205.72 130.21 393.27 405.93
212.65 23.05 247.97 353.86
304.89 47.5 288.45 320.8
270.86 60.24 182.25 435.34
189.48 46.48 201.59 466.78
271.54 154.26 300.75 417.23
255.78 114.48 287.04 441.66
240.78 46.02 330.27 393.05
215.39 74.4 257.58 385.01
302.6 26.21 287.11 393.17
170.6 63.1 338.67 378.06
297.44 127.65 292.79 363.37
239.13 52.37 308.89 392.15
293.21 28.43 338.81 443.07
212.45 3.41 417.93 459.84
164.94 54.92 304.86 459.95
201.48 134.59 212.39 434.41
186.0 9.39 270.67 422.1
184.76 24.76 423.12 350.3
273.12 26.23 312.68 451.45
210.86 147.69 314.63 433.55
301.38 76.86 420.96 386.29
267.21 114.15 288.43 376.04
214.01 49.09 356.55 347.63
283.95 28.31 259.9 443.78
288.26 96.0 289.57 316.29
237.37 25.77 417.35 412.37
197.97 104.07 444.78 438.2
262.14 77.43 429.47 367.26
169.07 26.08 293.04 382.63
166.66 131.63 280.65 454.11
179.43 140.46 259.04 418.82
201.83 103.23 328.08 461.38
249.51 151.22 443.54 409.39
236.27 111.99 363.47 417.82
291.11 43.0 320.95 397.2
195.0 136.72 360.68 386.65
164.04 22.16 413.74 458.39
250.03 63.09 191.36 412.12
257.36 140.62 218.58 399.95
235.9 138.24 414.64 344.35
169.85 104.03 212.78 385.09
275.89 143.83 281.73 376.8
293.84 75.25 295.62 422.2
239.52 93.16 379.45 322.36
220.52 136.52 299.5 395.63
175.88 16.67 274.53 314.0
296.48 88.85 185.18 327.35
193.98 43.69 371.62 357.87
171.84 103.2 384.08 337.32
175.71 41.09 350.28 344.04
189.5 66.03 243.18 421.02
295.92 56.54 260.46 330.2
250.13 135.74 388.15 317.03
301.79 154.2 371.85 354.26
218.13 121.88 274.49 355.64
157.32 148.06 375.85 456.07
177.82 64.03 233.7 389.09
293.38 66.62 322.84 421.89
282.0 28.63 254.65 367.07
310.95 14.28 284.3 433.62
305.5 55.4 295.34 428.31
193.66 47.28 302.33 354.36
196.69 82.66 288.32 390.56
195.27 47.32 355.12 317.31
279.08 137.33 339.84 435.86
203.19 44.38 299.91 386.05
240.03 83.47 385.43 405.54
164.94 49.25 267.97 364.4
209.21 58.84 375.91 443.62
238.97 144.66 302.84 321.29
238.64 98.47 371.82 316.68
213.0 131.51 232.39 406.71
173.01 74.53 314.34 318.58
197.65 71.04 285.4 427.39
204.67 142.85 255.71 440.29
277.36 42.6 443.81 367.49
190.06 51.43 253.33 371.97
265.17 25.37 301.24 449.18
196.63 59.44 314.13 363.06
157.84 111.68 290.13 405.62
248.43 78.22 305.58 395.29
304.66 47.95 286.89 394.91
207.89 24.01 388.99 462.22
303.9 146.03 302.93 398.15
214.39 151.54 315.85 352.03
287.73 142.65 365.0 398.34
172.9 128.31 287.21 402.5
290.14 113.78 341.47 355.34
207.83 33.39 204.06 361.44
197.04 122.8 298.38 408.63
235.96 132.52 407.99 359.84
265.71 68.76 296.37 426.39
303.59 14.44 256.97 341.84
269.02 95.09 320.33 382.85
185.31 76.03 215.11 465.35
297.48 120.07 348.47 316.47
234.14 128.93 276.46 350.5
246.38 87.22 272.88 343.86
216.99 131.68 267.62 392.54
308.61 43.72 276.41 426.82
198.5 121.41 319.32 355.31
234.93 51.95 305.4 355.6
222.5 3.38 234.74 332.99
301.54 72.24 203.71 384.11
287.2 118.56 263.83 457.57
193.22 144.52 356.67 417.77
286.1 46.42 430.68 439.69
243.21 105.19 413.35 373.4
219.69 47.84 240.74 361.18
258.65 62.96 345.63 450.21
157.14 33.31 387.2 447.91
263.04 120.89 414.61 407.79
256.84 125.23 452.52 410.64
193.87 99.97 375.77 362.98
293.5 22.69 364.85 371.17
281.51 21.71 271.58 332.05
293.8 110.15 347.58 438.96
186.81 76.27 312.6 398.47
303.59 112.93 272.78 466.23
302.76 78.21 276.69 427.64
162.38 123.29 315.0 464.24
222.51 7.39 315.21 328.16
266.93 45.1 280.46 464.13
279.63 63.8 302.51 385.01
175.52 99.06 321.19 321.41
215.35 59.91 244.48 466.65
232.37 21.06 386.2 316.88
265.62 58.59 241.84 421.08
169.12 94.49 200.3 404.23
236.47 49.2 431.73 407.63
291.39 119.57 283.19 349.87
297.26 36.35 306.48 456.17
291.62 62.37 376.19 346.78
168.09 97.93 283.93 428.62
205.75 95.81 220.49 395.4
214.52 149.48 270.71 324.23
292.94 20.05 258.85 312.96
268.74 59.17 362.02 428.65
259.97 51.76 269.0 424.77
298.26 143.27 187.53 336.77
233.77 144.87 284.27 464.5
240.04 65.92 403.28 339.62
292.0 57.61 338.53 379.13
296.66 55.03 281.83 466.55
190.42 142.71 284.48 380.89
198.41 109.19 272.86 380.93
230.42 60.21 325.1 457.6
163.79 102.35 282.31 375.77
217.77 28.1 375.93 337.21
168.32 154.05 277.14 378.8
293.87 40.02 345.72 454.8
308.93 25.33 404.27 422.7
260.82 28.27 385.32 423.28
284.0 4.8 435.44 335.42
180.66 155.57 254.98 448.38
170.34 153.07 279.92 360.67
264.08 45.9 249.65 339.31
199.55 94.27 404.53 418.71
252.77 145.91 290.68 440.4
196.16 55.5 241.23 428.98
219.17 78.5 344.45 341.58
262.2 36.05 189.02 408.66
295.77 148.58 351.64 352.31
307.17 41.18 272.27 442.3
215.64 9.66 219.73 454.0
183.54 87.82 412.58 340.41
216.66 119.6 293.03 346.94
206.4 74.58 270.75 389.93
253.16 118.38 311.13 378.7
221.77 131.96 191.74 420.66
175.95 80.04 301.54 368.42
293.72 77.29 266.15 430.48
215.42 133.01 358.8 369.01
279.17 135.18 261.34 429.23
306.58 83.81 287.24 461.57
200.9 86.47 363.37 379.55
220.66 149.65 313.59 349.83
189.6 108.92 336.53 423.46
289.71 53.91 341.43 316.03
193.43 5.86 227.54 456.03
263.99 13.17 327.45 356.72
210.45 89.69 254.17 316.64
238.1 15.06 293.45 346.04
300.47 76.87 407.41 377.12
295.99 62.89 214.43 346.28
264.77 147.49 385.01 439.85
215.69 145.57 446.5 412.89
203.1 94.91 292.81 388.75
169.44 140.66 315.75 462.28
302.68 14.01 253.39 444.31
227.72 48.93 277.22 324.8
274.21 141.26 307.49 344.28
301.75 125.84 318.1 443.2
196.8 128.02 327.97 426.14
309.23 143.37 272.39 443.25
305.99 74.41 349.96 333.09
304.29 10.58 302.36 456.32
257.24 84.6 340.65 312.85
278.62 45.61 246.24 349.59
298.79 1.52 313.31 343.21
166.95 108.51 300.29 466.3
277.34 130.23 229.2 400.37
294.69 122.89 431.22 352.25
305.22 12.57 322.59 314.08
268.05 10.91 354.21 360.02
173.55 122.51 363.99 386.36
187.91 27.41 272.73 355.26
167.97 124.07 365.91 334.55
269.67 147.65 245.16 432.19
281.59 64.62 253.03 385.01
311.27 133.96 302.26 411.24
296.3 67.31 327.9 404.3
167.35 70.42 342.15 374.28
199.59 135.07 353.88 353.84
310.63 143.62 340.83 411.41
205.08 28.88 441.42 466.3
250.07 101.63 274.44 411.02
287.13 115.54 238.39 355.77
294.46 7.79 409.11 362.22
210.9 29.08 193.77 449.91
239.67 92.2 319.36 442.98
297.47 5.28 251.0 347.97
286.81 48.51 287.13 375.19
172.86 92.15 201.22 459.07
198.07 142.65 296.82 465.12
274.54 30.0 264.51 402.87
282.54 144.99 259.14 361.12
278.64 39.55 413.91 343.17
251.09 112.42 359.04 340.26
241.99 75.51 358.17 369.63
198.45 33.88 184.98 428.61
201.72 101.26 332.74 377.04
242.18 119.69 185.46 346.88
249.66 79.86 342.2 416.66
260.33 33.33 280.89 312.9
228.93 103.86 434.11 382.94
226.95 17.0 332.61 453.53
162.44 21.5 228.77 396.38
288.41 72.48 303.22 364.9
161.19 119.88 254.59 362.83
242.74 130.28 277.66 317.9
157.7 135.05 411.96 363.94
261.46 46.62 334.65 327.33
242.01 8.51 414.25 330.17
197.39 76.42 392.67 413.2
190.18 58.45 369.68 346.86
304.93 151.04 202.86 466.56
276.62 26.61 353.76 390.19
157.8 130.09 296.5 351.38
172.43 125.02 313.79 334.51
302.12 126.91 440.1 446.21
215.6 120.36 222.69 367.79
238.49 140.16 361.98 412.0
258.16 77.29 442.49 432.82
238.96 8.27 249.59 357.78
211.96 85.51 393.67 421.49
172.43 9.08 285.89 352.34
224.77 152.54 350.93 342.82
295.27 147.84 215.68 373.42
266.12 112.56 281.53 421.42
289.76 50.81 294.63 454.17
227.85 153.12 316.52 452.83
259.48 97.88 399.49 374.48
237.6 63.07 244.64 394.41
230.78 53.91 356.45 428.62
175.22 100.7 222.6 437.0
179.68 100.55 394.73 331.16
175.02 132.24 287.19 421.52
247.82 70.46 228.47 369.92
182.69 139.17 388.67 353.06
156.79 85.38 278.16 423.56
307.19 101.31 406.56 435.76
286.64 105.64 417.99 340.05
264.31 133.02 362.04 452.25
161.29 116.73 333.29 373.01
271.61 95.3 285.14 404.93
311.69 121.67 264.66 385.13
260.15 108.12 243.52 345.72
204.9 7.13 299.8 371.11
161.56 75.36 270.45 406.45
232.01 35.05 364.74 351.94
303.79 136.27 190.6 344.05
308.52 99.39 300.91 444.33
260.43 152.38 383.32 409.04
180.4 19.48 386.99 450.13
203.01 130.09 300.27 347.6
217.08 123.45 302.32 435.87
198.73 14.28 207.62 412.34
212.74 121.7 253.9 436.87
233.33 86.16 272.99 345.17
181.7 126.6 342.22 395.54
274.23 17.97 246.9 392.88
213.81 69.07 173.22 347.82
274.65 75.02 361.35 377.8
307.13 101.29 294.34 340.93
227.39 56.25 350.32 398.84
267.52 55.17 263.1 315.55
182.47 8.67 399.1 395.79
210.86 73.68 342.59 418.85
209.53 117.31 287.75 368.4
296.32 132.53 215.06 313.13
233.27 130.33 204.01 368.44
189.19 84.64 397.96 368.46
218.16 2.8 320.33 362.99
239.05 127.75 201.88 318.76
237.76 79.91 228.55 375.07
193.21 145.88 290.62 412.79
251.01 7.26 231.17 390.31
165.2 132.55 285.94 455.94
299.63 20.26 246.13 362.9
188.42 140.89 424.6 467.11
179.96 76.08 370.51 432.6
199.08 108.86 256.5 415.8
295.07 123.02 237.45 422.2
239.44 82.7 357.4 458.61
166.58 56.9 211.33 327.95
239.57 84.41 192.5 443.45
251.84 142.56 246.32 441.06
291.35 127.6 253.53 384.06
187.1 55.83 305.77 321.55
297.6 69.58 212.7 345.66
207.11 1.6 175.52 349.57
263.32 60.82 370.04 442.28
296.87 129.52 298.36 313.34
248.93 17.23 431.51 378.03
204.21 7.95 333.58 408.58
291.28 49.45 375.53 407.7
247.86 30.71 351.93 396.72
167.15 144.55 418.24 334.69
249.51 104.32 332.77 355.52
250.99 145.4 372.78 328.27
164.89 80.62 374.54 381.35
232.54 102.42 307.08 319.17
187.79 130.16 331.45 321.01
210.09 41.37 274.48 368.6
274.35 78.93 208.09 385.78
219.47 129.94 288.2 385.65
283.84 55.98 234.89 411.25
180.76 86.11 216.81 347.2
186.55 74.27 328.06 445.19
252.14 8.69 253.62 317.37
191.97 27.75 367.28 421.4
283.28 26.16 367.2 367.28
201.48 115.24 317.9 319.99
254.89 137.23 242.02 351.71
193.07 47.81 405.48 422.31
210.75 145.16 252.28 357.43
217.95 11.2 356.24 379.58
194.16 98.73 396.5 420.73
271.6 47.15 298.64 343.96
230.73 42.52 309.26 332.16
162.8 18.41 344.25 370.75
294.62 99.37 289.85 432.35
281.8 11.99 263.13 363.77
300.71 119.14 394.07 360.78
283.36 154.54 256.97 361.02
257.89 11.8 336.08 325.21
157.08 59.94 416.13 349.51
271.64 21.88 177.05 415.94
195.52 118.15 354.58 409.45
242.45 114.24 273.29 401.25
250.69 30.86 359.23 442.36
216.52 1.32 363.06 444.97
175.57 7.41 348.67 335.43
238.92 28.37 249.36 314.68
283.08 28.23 318.26 453.6
160.06 148.98 435.75 349.78
236.07 58.29 213.9 313.91
251.89 152.98 257.78 381.78
200.42 107.07 343.65 445.56
196.13 136.55 320.62 321.44
286.82 106.76 231.73 354.26
246.45 13.26 247.51 368.47
207.23 89.33 402.37 345.31
216.76 68.56 281.81 364.9
254.44 87.51 360.5 433.54
260.63 18.83 343.35 427.19
299.98 138.57 196.99 338.16
285.73 68.29 291.81 323.83
156.95 41.67 285.06 370.31
221.13 129.48 350.82 414.93
175.92 68.62 344.27 358.82
165.5 78.3 320.48 315.17
216.95 104.68 358.3 356.25
201.93 91.1 271.07 427.24
251.81 54.26 290.09 385.0
169.22 64.44 319.92 407.29
282.28 19.35 274.15 317.36
268.1 34.65 360.24 367.18
197.73 151.59 406.32 341.9
246.02 10.43 378.22 404.85
208.56 59.39 337.96 347.57
205.29 136.24 303.91 339.89
235.2 51.71 339.93 343.05
214.51 57.78 320.96 448.63
247.98 22.78 201.94 361.11
285.5 66.43 275.27 408.31
296.33 54.3 447.74 402.24
231.21 34.33 331.31 332.69
255.1 28.5 338.09 427.41
215.3 47.7 354.73 383.03
213.64 129.03 331.9 388.12
275.03 99.7 368.9 462.79
298.51 75.49 401.29 457.47
188.52 123.27 205.62 358.11
197.05 77.64 240.01 451.4
271.02 85.34 390.67 382.04
183.86 112.33 203.97 350.07
199.05 95.29 436.38 400.13
187.49 154.9 313.01 464.21
274.52 105.73 349.52 427.36
310.18 23.6 214.86 336.21
310.41 95.49 321.93 404.89
275.91 30.49 342.35 328.19
298.27 102.23 362.81 434.85
227.48 60.36 314.35 375.88
223.57 139.92 362.87 412.98
305.76 74.37 422.14 455.2
191.14 17.7 267.41 429.42
175.35 94.8 331.83 462.2
179.88 68.93 324.92 392.64
218.28 20.47 349.65 373.0
162.11 59.31 335.47 416.64
205.89 146.31 282.75 402.73
192.07 63.57 328.68 391.24
241.54 55.83 191.26 440.33
171.73 156.25 304.92 422.25
194.95 127.0 359.98 457.63
270.02 63.74 244.28 409.84
186.27 115.06 424.19 341.14
160.61 99.62 407.02 446.75
218.13 48.86 370.95 403.08
286.1 124.48 315.3 393.42
179.6 31.32 321.0 445.54
191.97 30.89 287.84 425.04
231.97 33.81 353.86 416.06
183.31 95.49 375.29 415.8
309.6 19.25 207.4 367.56
215.55 34.69 345.49 424.36
164.95 69.72 347.74 365.07
216.7 85.55 340.29 453.76
301.55 96.23 415.89 356.34
177.59 122.02 373.92 464.23
272.94 123.6 302.6 321.92
221.26 133.65 217.79 396.2
177.49 86.38 283.82 391.46
301.86 63.02 317.28 423.36
281.95 126.37 324.25 356.31
258.66 129.16 258.29 400.65
223.9 30.29 281.57 398.97
279.7 13.89 311.62 437.36
168.72 112.3 410.19 420.48
184.91 80.62 386.47 400.31
208.87 106.55 356.94 354.96
309.82 94.02 316.49 373.3
204.46 58.63 257.53 381.87
172.18 35.91 348.54 442.89
163.98 8.99 421.39 402.89
225.13 83.91 393.97 315.71
249.79 7.98 403.11 383.12
174.41 71.09 202.96 440.72
241.99 10.44 351.72 427.97
271.46 91.48 377.09 388.66
165.3 62.04 203.64 364.78
299.61 87.95 260.9 432.58
209.75 20.79 198.16 414.76
211.71 64.03 342.02 407.86
288.33 50.1 168.97 421.26
172.72 132.37 321.35 464.83
177.86 138.04 354.22 468.64
272.11 98.9 320.75 395.57
243.13 128.24 224.92 458.56
282.27 73.42 330.85 403.55
215.96 122.04 341.31 458.41
305.38 72.48 324.9 395.63
296.16 13.09 297.87 398.17
231.15 105.17 243.23 385.64
217.02 55.01 320.78 389.36
221.98 47.99 371.18 352.84
254.32 69.35 344.36 372.27
224.74 52.85 282.65 395.14
167.23 11.02 387.73 329.2
268.86 55.88 188.56 358.6
311.79 17.94 309.86 344.01
209.57 52.85 345.08 442.15
244.0 7.45 335.75 373.84
261.56 91.45 352.09 322.67
233.31 25.61 293.74 370.22
311.38 22.09 302.84 403.69
211.23 7.02 331.07 408.48
286.09 91.47 227.16 353.85
225.07 120.15 309.24 342.79
307.37 115.92 257.01 381.49
185.53 111.67 407.35 338.75
229.66 50.22 355.21 346.75
262.96 21.46 238.45 325.25
200.54 29.89 377.78 326.96
266.24 6.68 238.35 394.78
212.53 18.08 419.05 377.37
177.01 133.65 356.17 436.02
186.12 112.42 195.75 416.32
267.5 6.49 403.4 384.02
191.19 133.88 284.67 424.47
233.13 60.03 343.34 411.0
262.51 58.65 287.62 390.83
212.2 82.77 355.55 444.09
254.58 74.9 398.82 398.75
220.77 76.6 249.14 409.41
288.31 38.25 314.84 360.01
261.61 97.19 329.85 405.24
226.78 51.8 422.08 436.02
201.2 149.78 242.77 354.53
209.7 60.34 370.88 354.89
275.58 36.31 365.8 340.79
223.52 10.51 272.36 352.42
198.07 12.02 263.59 360.93
247.77 99.27 290.14 318.72
221.42 93.56 298.5 329.56
205.46 52.11 276.21 331.03
173.34 135.77 294.63 391.44
272.4 136.25 341.2 332.42
200.98 118.29 327.65 416.61
241.88 62.63 293.41 395.87
179.27 104.67 354.62 400.27
197.26 127.23 357.33 339.16
159.78 155.93 440.24 335.24
241.02 77.24 210.5 404.94
206.52 5.8 253.0 319.96
263.93 134.16 315.01 444.23
232.32 133.4 241.03 363.34
222.88 6.91 288.18 358.57
176.2 150.66 292.0 462.52
267.98 57.0 342.44 417.8
228.41 78.28 338.21 461.34
251.59 119.8 290.53 407.32
241.26 142.42 366.41 356.01
246.4 121.49 366.82 389.74
223.88 32.87 209.26 439.38
159.74 79.95 202.95 422.83
178.65 129.73 404.55 454.82
208.38 7.84 315.68 315.36
187.65 73.3 323.91 330.15
212.67 65.9 243.51 351.02
306.29 10.87 294.98 358.03
207.4 87.23 362.28 326.35
250.02 33.24 340.48 371.16
311.44 28.13 224.07 336.0
