1000
10012.0 10318.0 10323.0
235.42 151.83 285.5 446.76
172.94 151.69 335.16 330.73
249.88 98.5 283.54 454.81
223.48 86.35 209.43 453.24
267.78 65.16 284.73 356.84
172.46 19.58 305.05 438.24
253.12 142.23 287.07 339.91
296.31 123.21 259.26 351.36
209.37 7.69 237.6 399.52
287.74 119.19 298.52 373.02
159.74 24.37 328.33 393.58
264.36 62.55 305.48 332.29
256.01 110.89 368.27 457.85
195.82 136.53 358.02 452.69
175.63 74.47 307.96 438.86
232.67 78.82 216.59 354.11
256.2 40.87 419.48 371.37
288.67 41.29 179.48 444.09
211.62 120.9 252.19 394.75
293.75 54.85 347.83 459.33
273.54 25.11 346.84 314.42
234.57 106.25 452.45 358.18
257.21 59.58 225.63 312.76
171.51 120.57 228.15 374.6
245.37 76.7 348.14 378.28
220.0 128.37 307.13 347.24
199.75 71.13 294.67 335.19
311.99 129.49 312.61 448.5
246.48 4.64 409.37 346.48
169.41 42.94 368.64 323.35
309.15 126.55 287.83 409.89
302.75 31.04 231.31 343.04
205.36 153.71 255.21 349.62
261.76 19.84 377.41 357.46
187.91 56.51 418.83 360.77
237.72 2.05 268.85 435.87
252.83 29.04 385.48 441.21
306.1 71.48 418.71 354.35
260.25 26.73 319.43 457.87
296.0 88.91 368.88 328.01
276.41 53.38 276.71 445.76
231.12 45.98 269.58 384.37
233.3 58.05 312.99 398.42
304.53 115.54 284.75 354.28
254.13 115.94 277.51 357.72
183.15 61.23 274.58 322.24
264.72 109.98 321.08 347.34
261.56 109.65 366.34 381.27
172.43 92.79 366.31 365.66
274.89 66.57 369.54 468.0
304.4 89.13 317.52 424.7
274.06 63.89 305.38 449.27
302.72 49.41 318.93 351.52
237.45 15.58 426.02 384.64
229.12 96.28 464.45 394.19
302.02 96.1 239.91 425.86
238.49 126.15 424.64 332.12
174.38 114.27 203.32 423.56
262.33 72.29 421.33 348.28
223.64 138.16 339.17 441.27
242.14 48.61 313.2 316.48
185.49 1.42 341.88 335.95
239.04 61.07 304.22 351.66
226.03 38.52 223.3 359.62
250.28 1.75 224.54 405.31
250.4 9.48 364.05 401.13
242.91 7.65 279.71 338.49
218.54 102.82 330.52 336.09
226.6 89.55 439.62 384.29
227.34 42.31 384.29 381.81
181.32 81.06 371.19 329.16
189.98 85.5 309.64 451.17
180.81 73.84 325.01 347.25
175.65 100.85 293.17 430.53
268.48 59.83 230.59 334.26
207.94 144.76 334.85 389.65
161.07 85.73 363.18 326.06
293.72 50.42 269.43 467.8
204.14 25.98 399.34 438.02
302.26 52.73 272.3 341.32
190.94 13.91 329.85 444.34
287.77 91.16 242.98 373.53
281.29 8.01 353.84 430.41
233.16 84.36 372.0 443.84
168.95 27.21 379.8 382.28
235.36 107.39 256.83 365.21
213.45 119.49 306.89 336.19
189.39 139.44 250.85 366.02
285.98 55.36 248.14 359.96
300.99 64.94 203.81 340.92
234.88 136.53 275.79 450.0
305.35 60.86 274.38 397.96
207.85 51.79 253.86 435.3
165.92 8.15 331.31 368.78
284.75 16.52 352.52 379.17
306.83 151.42 309.49 412.74
245.97 28.7 446.01 313.24
158.56 55.09 313.32 356.4
205.57 92.98 215.92 328.49
232.35 92.61 344.98 397.61
158.14 155.21 338.34 420.76
215.24 47.1 341.86 454.72
227.75 29.93 409.59 313.97
234.53 47.71 325.43 404.32
197.74 87.59 311.23 356.78
298.95 137.44 215.19 358.07
289.17 145.11 228.23 383.49
242.43 144.07 340.11 461.98
282.15 37.74 238.26 315.75
214.06 91.37 347.75 337.56
178.95 46.94 313.23 465.27
197.4 8.64 323.05 443.82
226.36 51.85 345.44 449.99
207.6 152.76 258.17 430.27
222.35 111.15 388.39 407.18
290.41 30.27 283.47 452.85
230.47 17.55 327.64 455.85
256.99 87.91 358.9 377.99
214.86 79.42 351.46 444.61
170.15 117.21 315.22 350.56
262.33 18.14 344.73 348.92
247.16 55.08 202.38 362.89
301.95 153.93 453.64 418.43
284.86 111.15 351.81 370.39
279.58 117.9 226.63 357.97
300.9 16.69 295.88 406.58
301.79 61.59 213.95 343.35
169.53 153.96 281.5 362.55
161.18 104.5 236.94 396.3
235.24 110.85 281.72 391.68
309.6 82.75 253.96 422.2
161.34 116.94 206.67 323.45
270.72 103.95 258.77 381.29
203.98 83.11 402.43 351.34
187.8 71.5 395.7 428.21
308.09 45.87 423.89 350.15
209.4 29.4 307.77 347.52
212.54 78.79 231.7 338.05
236.67 43.71 456.51 416.41
286.73 154.4 271.34 415.61
278.46 43.56 299.44 358.02
189.69 99.84 409.98 315.95
251.25 14.1 343.12 363.08
157.71 140.6 382.96 434.82
244.08 120.46 462.72 437.59
296.42 33.12 409.29 425.36
283.28 36.98 298.84 462.97
277.35 141.67 370.67 326.43
284.72 8.14 217.54 335.04
203.02 52.51 319.56 439.46
203.67 63.35 306.74 443.68
275.02 72.38 455.96 407.06
156.7 111.37 352.33 454.28
203.78 33.63 229.49 435.49
225.2 137.05 222.62 340.13
284.15 34.23 321.72 409.54
178.07 101.27 386.6 362.63
245.31 14.03 350.64 384.37
206.3 128.75 222.76 326.7
181.63 16.17 273.63 364.31
270.3 74.61 372.2 331.2
228.18 101.5 273.81 374.31
246.52 39.29 370.68 315.85
301.88 114.52 400.51 318.93
273.52 78.18 317.58 341.07
177.53 103.19 348.89 393.53
277.17 32.14 229.01 323.2
271.51 43.27 329.17 455.57
225.33 17.26 339.47 408.12
255.93 104.41 411.18 316.7
231.07 97.57 294.67 437.18
253.87 155.3 299.0 426.94
261.85 29.99 261.25 439.24
190.36 71.42 308.41 419.71
156.92 138.1 323.79 384.16
248.33 94.04 245.97 371.96
246.42 91.26 206.03 432.04
229.81 92.98 379.96 396.22
260.52 62.94 300.33 455.52
287.12 66.85 390.85 438.91
209.79 9.66 307.08 351.94
286.88 42.72 307.6 373.39
244.75 31.93 317.18 452.54
304.24 61.13 356.36 339.4
246.28 101.13 228.73 407.38
277.12 133.15 295.1 465.2
254.69 10.42 281.16 363.59
254.75 48.36 293.72 402.22
165.52 59.28 212.51 446.16
194.39 95.0 256.44 452.24
217.69 45.54 313.32 399.19
272.98 62.2 347.39 353.06
287.34 18.95 286.06 404.77
215.1 99.95 360.22 385.82
206.94 25.12 184.48 323.51
179.58 110.68 325.33 365.38
232.67 60.0 210.16 390.1
187.06 137.93 346.08 380.66
294.03 57.89 318.74 384.71
157.11 82.29 352.77 357.78
165.94 105.9 285.24 315.08
297.76 86.99 185.15 449.26
274.91 22.47 279.86 458.47
276.04 18.84 294.46 398.46
308.3 152.56 283.71 465.26
280.04 151.68 312.22 446.21
277.43 63.98 330.02 453.14
199.31 30.94 253.21 456.68
300.63 113.66 371.1 345.64
231.38 154.3 345.97 415.91
311.73 112.13 291.52 354.59
194.82 87.43 400.16 454.27
257.4 62.8 253.63 400.7
290.32 97.86 371.66 346.39
239.12 145.79 280.11 318.74
244.33 50.26 417.14 361.45
170.77 142.58 210.33 416.96
276.25 55.93 343.57 436.1
210.36 88.53 302.22 411.93
167.93 133.28 209.02 401.72
217.78 14.55 422.95 390.44
159.68 143.06 358.71 364.05
240.97 71.99 261.96 380.76
217.8 59.56 284.3 375.96
175.41 52.49 341.81 354.52
306.29 26.2 393.87 325.73
303.63 141.69 330.76 348.38
255.51 45.97 327.15 410.31
297.95 144.31 211.94 335.98
237.35 54.64 390.32 364.35
266.51 136.15 347.87 382.0
187.54 28.46 231.23 358.73
237.11 135.97 343.75 325.51
262.54 84.54 334.89 403.86
288.53 128.68 281.33 372.68
213.57 153.41 327.89 320.48
275.97 80.91 460.31 449.95
282.39 4.6 426.98 341.88
251.98 94.07 237.06 423.02
270.53 94.31 267.13 412.27
160.1 62.6 340.99 442.59
301.42 36.21 369.24 433.69
183.11 91.47 351.99 362.71
188.36 81.08 360.15 342.71
280.41 90.15 423.0 330.12
311.87 43.23 323.47 412.74
171.74 129.08 338.35 356.48
273.58 9.47 188.51 435.71
186.53 9.55 198.46 451.35
286.17 50.69 437.58 385.19
230.69 79.98 269.36 331.59
310.88 87.06 409.35 408.87
226.73 106.64 331.21 388.82
281.8 105.25 434.72 324.82
163.72 1.4 220.05 380.8
200.14 143.21 235.98 433.36
253.41 132.9 354.0 396.68
265.07 88.46 339.45 343.95
276.89 58.77 239.55 325.14
294.82 93.46 332.04 387.79
254.15 133.75 307.02 384.17
178.75 120.25 271.07 352.84
207.93 150.55 253.91 460.88
182.72 25.99 221.16 391.35
205.73 127.27 351.08 339.11
287.33 85.89 317.8 417.13
301.26 137.29 220.18 345.76
179.46 113.1 222.51 365.83
268.91 54.03 192.38 399.59
216.84 59.91 312.64 451.81
233.01 86.87 340.92 347.08
178.45 29.2 281.31 442.46
300.99 104.78 250.4 459.34
282.1 5.17 438.16 354.89
224.14 79.48 316.0 320.24
233.73 118.04 254.73 395.97
259.06 73.18 231.45 330.8
186.83 34.56 303.31 347.95
226.87 132.43 273.09 394.04
306.37 7.87 326.94 322.01
173.34 122.37 276.64 365.4
291.66 148.03 340.42 416.99
167.94 129.41 285.32 371.61
275.91 149.68 326.54 321.34
303.22 137.66 348.49 324.99
209.73 39.97 288.03 378.59
308.93 27.68 267.09 373.25
234.27 71.92 362.94 461.04
250.48 63.86 424.12 334.5
157.86 54.63 297.71 420.34
257.83 26.98 215.33 338.4
179.88 51.24 296.78 313.49
288.3 16.27 345.83 329.21
267.17 72.78 381.35 404.48
242.47 144.65 366.87 312.61
306.61 70.6 373.07 449.35
220.7 150.49 289.37 361.72
176.51 26.7 240.36 464.89
273.9 118.69 414.28 349.8
161.47 153.1 217.01 320.81
224.3 64.22 313.02 441.8
187.01 122.72 216.27 433.74
311.82 142.0 377.85 355.52
196.52 124.8 325.8 437.73
185.55 91.17 205.37 383.29
184.44 86.05 184.61 358.12
238.39 113.41 260.98 465.46
253.66 88.88 223.15 345.69
279.78 149.37 288.2 447.63
296.59 102.66 366.67 446.25
203.81 84.61 179.54 337.71
162.65 97.32 369.09 438.11
211.07 148.19 202.07 321.88
218.03 71.52 332.86 462.48
164.04 111.91 444.31 376.6
292.95 127.82 327.38 466.86
207.11 150.43 404.6 347.28
229.62 13.94 200.14 442.9
230.11 97.86 345.24 447.25
197.25 36.67 323.32 447.18
288.38 142.26 329.4 377.52
296.25 83.15 371.61 348.82
298.85 137.55 315.48 431.14
300.62 40.99 382.47 347.84
209.94 101.28 248.24 384.75
281.18 95.78 213.88 389.5
156.43 60.0 267.96 461.03
216.06 102.84 265.21 374.85
269.31 10.42 264.13 358.6
176.74 63.44 319.17 323.24
264.22 28.39 325.17 463.53
301.26 80.76 444.97 459.63
195.08 103.16 373.01 450.77
235.92 71.05 416.13 363.39
243.69 7.52 242.56 438.94
204.34 104.78 268.56 392.85
219.7 64.5 216.55 456.28
226.78 112.03 391.43 363.04
216.08 56.76 299.64 361.49
259.35 17.22 412.16 423.17
303.35 38.3 273.52 372.98
258.6 75.48 322.51 441.34
229.01 20.02 210.37 452.41
250.69 106.33 307.73 385.99
278.37 57.58 327.64 357.75
209.32 124.35 365.53 380.17
268.57 143.15 231.58 396.61
201.76 146.23 224.64 444.18
283.27 10.99 289.47 443.31
241.38 49.99 380.23 389.66
224.99 131.48 301.25 416.45
172.82 55.12 408.31 347.19
222.95 108.93 256.62 410.7
284.22 93.96 295.37 428.04
223.57 1.44 213.38 340.51
306.12 113.52 437.89 453.43
289.67 80.05 353.99 419.05
197.67 115.19 204.02 336.46
224.09 25.74 317.37 367.64
237.98 61.07 220.89 426.16
207.22 140.67 201.98 431.95
252.28 95.45 244.27 439.36
189.98 38.98 208.88 406.75
295.69 101.46 223.64 427.3
261.05 51.28 323.28 315.82
290.18 126.49 345.6 389.33
223.0 30.75 238.61 325.92
278.3 100.48 409.26 393.62
258.59 57.26 241.38 365.6
227.77 153.34 348.86 408.2
191.53 78.36 214.02 400.97
255.21 113.08 290.66 454.02
157.27 80.06 218.37 434.61
295.09 149.02 266.88 387.26
236.16 97.48 423.84 379.26
293.99 46.64 363.12 363.44
257.71 122.73 360.97 454.82
266.8 16.05 319.34 317.75
254.96 135.44 215.12 384.62
178.36 86.04 255.19 462.42
156.98 122.72 412.07 383.16
250.41 116.26 393.17 372.27
310.04 102.96 338.31 431.86
232.21 150.8 219.48 407.98
215.13 64.73 271.58 356.69
260.63 41.97 403.2 346.7
269.66 30.42 214.52 450.9
293.0 19.71 314.82 353.85
234.78 121.31 296.51 421.2
239.84 41.76 296.88 318.07
180.17 113.78 359.25 455.16
185.52 29.39 243.19 363.75
220.48 48.89 242.02 419.6
189.25 152.01 220.77 461.79
258.88 64.43 292.5 371.51
205.63 82.01 384.55 456.88
266.18 66.27 371.2 415.37
169.05 127.53 237.28 316.82
226.29 91.92 322.91 396.56
273.81 47.71 305.85 341.68
192.97 85.31 353.31 359.36
267.67 10.06 387.64 417.26
285.62 128.97 243.91 394.26
213.93 5.86 380.6 391.51
287.95 8.2 277.31 375.37
282.97 140.76 346.47 432.57
242.55 1.34 257.85 431.55
176.09 55.77 386.36 352.21
224.12 9.97 437.87 395.68
246.99 93.86 246.93 366.37
193.58 45.0 324.32 433.09
184.33 47.84 395.08 340.61
178.74 144.31 215.11 358.35
258.04 33.26 378.33 416.71
233.57 45.34 333.46 453.52
193.24 10.97 298.33 328.67
175.92 149.99 317.84 418.39
293.48 18.06 371.41 366.15
230.34 49.88 304.17 435.02
229.71 11.01 280.08 378.44
230.5 142.66 253.2 358.61
225.01 137.67 277.39 419.33
206.74 88.98 397.41 405.99
293.94 46.71 274.25 313.08
254.92 68.96 351.83 376.31
235.01 67.68 325.63 434.17
182.5 51.92 380.44 394.29
231.29 105.69 392.24 464.46
287.15 113.98 380.88 371.87
274.88 141.67 318.08 334.78
293.48 33.38 376.71 455.93
172.12 96.5 257.56 386.1
244.92 76.88 241.82 361.98
287.53 119.75 274.07 322.77
270.29 55.29 354.2 331.8
311.83 82.4 222.56 404.07
247.85 96.52 333.46 425.9
188.23 95.2 239.79 411.18
279.33 73.49 312.25 329.93
253.2 108.89 239.21 429.1
303.1 43.22 270.29 431.17
271.88 146.01 252.71 376.92
300.13 27.37 165.67 329.18
275.26 92.24 338.72 334.13
286.25 59.76 203.54 424.74
159.56 89.02 304.87 426.17
171.06 1.39 299.03 314.07
302.47 39.23 344.66 393.47
184.02 99.84 262.64 365.24
220.07 71.84 359.07 401.88
227.9 56.15 309.93 380.02
275.52 61.84 348.69 420.57
279.59 46.95 306.31 383.96
247.92 42.32 267.84 337.59
227.04 82.05 369.0 335.3
241.67 146.42 338.79 316.81
264.19 46.13 212.57 322.09
159.17 54.64 273.92 335.92
173.21 142.48 210.1 438.56
199.76 6.56 294.1 375.32
253.49 4.12 363.87 460.17
203.53 103.05 389.01 445.8
270.13 35.51 226.29 349.1
272.03 57.35 216.28 349.76
299.02 60.99 382.66 439.73
183.9 13.82 315.13 316.62
191.12 110.14 231.15 324.47
211.41 48.39 389.51 388.34
277.91 151.39 201.85 328.94
190.55 13.02 314.68 432.18
309.03 55.26 356.04 345.56
291.02 90.63 282.4 352.04
274.23 37.28 209.96 447.54
278.44 30.76 358.71 357.74
268.32 113.53 328.97 342.28
286.68 96.88 283.4 442.17
242.26 90.2 395.37 395.8
231.43 43.19 283.71 368.15
261.2 41.54 297.64 427.14
258.97 121.27 240.52 425.49
174.63 82.41 312.67 437.71
304.09 13.36 337.94 405.3
239.7 146.61 359.65 350.29
222.22 26.67 224.16 451.23
204.51 72.5 327.45 435.04
298.02 93.91 218.96 439.02
179.26 72.39 364.78 334.76
213.67 135.82 352.08 340.94
161.9 27.72 283.41 463.91
159.51 76.93 321.4 434.01
197.86 5.25 335.89 427.12
239.91 59.65 383.04 358.96
242.21 49.05 327.56 335.35
211.19 96.18 256.75 323.58
296.24 107.31 318.26 355.7
295.44 107.62 292.38 333.56
263.69 119.67 393.08 338.72
190.42 114.16 332.06 417.33
158.87 112.75 287.89 389.09
252.26 91.25 188.83 371.1
284.5 23.48 326.47 447.81
191.88 33.64 373.17 408.1
310.68 32.66 310.94 378.4
180.55 89.08 195.95 394.78
182.3 53.13 302.71 327.62
200.25 21.1 202.8 411.44
297.65 53.31 244.44 322.69
284.6 154.48 369.61 424.88
216.72 153.46 289.51 449.77
277.36 64.34 245.74 462.24
311.98 5.6 347.11 366.22
297.44 61.97 210.09 327.3
278.43 28.3 236.76 460.53
221.48 10.48 287.78 356.8
216.47 8.05 349.12 370.89
219.43 98.4 300.01 333.04
238.63 52.13 397.01 398.1
156.58 81.18 303.41 380.73
301.07 131.91 347.09 365.94
185.57 88.61 288.83 431.83
252.72 2.95 296.74 458.25
255.88 127.85 323.91 427.78
237.92 62.21 354.83 352.14
238.33 127.67 318.8 448.3
248.88 127.3 294.31 376.29
238.59 138.99 336.63 370.45
265.63 129.12 231.81 406.1
156.92 95.43 212.18 388.12
202.04 152.72 378.3 441.79
210.36 138.44 273.06 389.53
205.75 152.91 255.36 424.49
283.92 6.57 304.33 453.88
165.83 2.39 198.1 338.27
164.06 121.14 354.04 368.02
226.31 53.9 371.9 328.94
205.49 80.21 379.19 386.92
238.7 145.45 251.83 391.63
308.59 136.73 284.68 384.4
171.43 91.74 337.97 443.17
232.79 152.41 446.04 380.9
202.85 76.04 311.42 374.51
184.92 150.13 291.93 347.47
203.06 59.15 273.89 398.0
210.29 152.79 278.43 343.43
215.61 143.31 372.95 417.33
248.06 42.14 284.9 396.82
204.79 95.27 342.17 332.06
255.23 10.67 390.33 399.61
254.7 130.27 303.32 394.96
204.55 136.37 336.59 445.39
286.52 98.89 415.16 462.49
225.56 98.52 331.4 447.15
259.93 45.8 319.37 338.92
293.22 140.88 218.29 463.69
159.08 98.23 318.33 443.07
288.12 19.14 401.68 448.14
259.48 27.78 199.76 409.63
207.62 88.17 253.2 444.17
254.18 130.08 413.56 378.69
206.91 108.62 254.46 365.93
254.14 94.33 400.91 412.59
265.27 81.61 330.99 393.12
167.42 84.34 258.04 358.63
283.14 138.44 393.17 385.69
294.21 108.77 290.55 451.84
278.22 84.07 215.85 455.56
209.49 137.06 327.65 358.0
263.02 12.66 261.37 415.51
201.88 114.08 307.44 393.81
230.71 46.65 266.15 411.54
201.0 30.91 308.67 459.83
250.29 57.39 266.54 425.36
206.22 99.86 301.15 313.71
257.73 114.47 428.78 344.31
298.36 32.01 344.18 329.31
283.25 44.62 253.98 356.8
250.87 75.4 300.16 445.8
272.46 39.79 357.8 398.0
203.74 43.95 309.08 460.32
253.08 56.74 406.75 388.09
203.27 155.03 456.58 457.52
261.72 10.97 354.21 377.29
295.06 26.78 252.86 353.62
224.61 98.76 302.5 460.83
174.87 151.01 267.49 412.45
236.58 85.76 387.28 406.37
159.66 48.43 271.88 350.99
195.46 129.13 342.02 386.22
228.46 78.83 315.89 319.55
207.62 25.28 285.58 411.24
198.69 146.95 229.0 327.56
180.24 127.65 327.95 341.64
213.51 50.83 418.34 385.47
207.41 63.16 232.24 401.46
171.18 142.37 319.6 408.84
203.06 84.93 327.2 355.4
287.75 92.69 378.78 342.23
181.37 155.16 213.14 440.71
157.21 15.56 263.44 462.17
285.65 114.4 313.59 443.09
252.05 18.86 206.27 360.25
275.02 34.12 283.03 358.11
254.55 140.56 356.61 417.89
167.82 93.43 292.39 433.08
232.24 67.84 391.14 314.2
205.02 120.41 315.28 417.92
276.08 152.79 351.18 374.05
167.1 125.42 382.86 354.26
310.37 19.54 324.5 465.91
162.45 142.72 355.96 374.83
189.67 14.35 246.4 361.25
226.62 83.23 277.53 363.95
305.21 28.77 234.54 379.81
159.07 91.03 305.28 395.68
176.1 142.52 360.56 360.52
189.11 96.14 399.91 442.2
193.93 136.96 298.55 351.36
297.33 17.29 309.72 322.94
195.67 39.68 379.86 327.83
157.77 146.07 228.58 370.83
178.43 87.23 277.5 431.6
220.55 80.28 339.29 348.2
271.63 33.14 251.86 468.67
233.44 105.61 361.12 450.7
227.76 45.2 252.43 365.07
249.79 131.76 270.14 362.69
167.0 94.2 364.94 423.31
311.07 87.07 210.45 451.51
202.68 13.13 329.51 326.46
296.2 74.11 324.24 461.09
241.17 51.88 367.74 434.57
209.66 25.08 362.32 426.04
189.74 20.96 190.98 435.84
225.11 56.23 326.73 442.26
222.33 88.27 320.96 422.61
256.61 57.84 297.3 322.63
202.14 49.54 255.32 340.95
189.27 21.43 334.6 459.97
255.31 100.77 175.77 316.57
239.17 63.59 394.72 413.07
189.36 34.63 299.94 391.97
186.53 24.38 254.85 437.59
235.43 153.03 313.54 440.16
277.2 145.58 301.76 346.75
186.0 130.21 372.0 368.83
228.09 70.35 321.09 417.49
284.75 150.03 323.52 367.02
186.86 84.03 241.8 433.66
295.15 11.72 171.34 312.52
286.99 12.43 376.76 378.45
265.93 143.94 306.47 414.6
227.59 121.97 328.83 369.76
245.01 76.3 298.58 323.6
264.8 134.67 363.83 361.18
296.41 62.9 356.83 453.84
280.69 123.24 250.23 452.85
157.32 131.59 257.68 368.18
244.14 84.37 330.32 444.61
174.52 27.05 315.1 430.71
305.64 77.44 240.13 316.4
183.59 9.92 357.19 402.86
261.84 28.33 187.8 388.55
170.32 95.26 346.24 376.17
285.2 51.48 242.1 325.54
283.98 131.62 300.17 326.06
173.76 137.6 265.39 402.34
303.32 87.87 360.76 359.31
223.18 100.1 298.27 392.38
247.09 109.81 253.5 332.53
274.91 32.29 302.42 445.16
253.8 116.76 276.76 458.15
239.91 7.34 403.22 330.46
241.29 99.68 420.06 433.64
302.86 15.61 344.51 378.18
267.1 65.19 435.96 449.69
310.01 41.23 256.9 350.14
234.1 86.73 295.4 457.87
253.21 137.87 338.39 438.86
253.6 42.07 454.43 419.15
249.67 42.77 222.48 360.88
182.38 44.97 301.97 426.97
179.57 69.59 443.58 314.95
188.71 60.87 179.24 382.28
190.02 19.0 364.69 398.07
250.6 33.83 285.02 343.94
265.72 150.26 342.46 336.37
192.0 56.11 275.9 417.51
288.78 56.52 288.17 322.32
233.05 92.04 266.62 388.39
207.2 84.04 366.43 388.78
194.15 128.88 347.07 408.61
213.0 36.35 364.19 338.26
304.55 93.11 291.0 393.29
216.48 152.29 319.73 381.08
257.68 147.29 416.54 392.22
263.13 156.06 200.6 420.3
183.24 80.57 277.35 358.33
298.67 117.23 246.53 391.47
240.92 132.82 361.22 408.39
206.19 66.08 260.77 367.2
272.68 121.01 340.54 342.34
273.23 39.49 329.19 321.03
311.2 79.16 334.44 463.54
186.97 95.92 206.91 389.36
308.88 108.24 324.02 329.22
176.22 125.48 389.05 398.68
202.25 101.17 260.1 394.79
285.06 45.56 315.46 360.63
164.63 114.77 294.76 361.43
289.47 148.79 207.84 333.2
293.66 31.86 200.14 313.51
217.24 60.53 244.27 347.48
163.64 99.67 302.53 413.34
276.5 156.03 261.29 330.04
238.63 117.57 265.88 380.16
195.18 106.07 359.18 319.04
224.72 111.23 261.03 406.17
259.97 81.74 307.59 382.95
233.41 96.5 159.24 462.31
242.7 64.36 323.69 427.63
308.59 30.15 326.44 376.58
268.64 96.79 296.88 321.13
281.57 90.29 412.21 377.09
195.19 96.43 381.43 351.93
294.24 76.41 383.85 429.84
198.78 130.19 400.95 342.46
207.67 52.63 253.96 327.72
296.83 3.38 309.04 323.94
170.34 103.83 306.82 392.64
173.1 104.11 372.93 430.04
214.91 39.17 233.5 333.69
212.57 145.72 368.91 373.76
182.59 150.99 238.63 441.02
243.5 11.97 303.68 389.02
228.35 131.47 391.64 405.65
300.84 18.35 300.48 397.39
249.21 91.49 333.58 336.29
298.47 30.03 347.86 436.71
277.42 151.14 307.74 340.39
179.37 63.55 372.8 418.62
169.69 67.63 215.0 336.29
257.42 61.33 299.5 380.27
205.93 145.76 176.49 428.95
277.39 84.62 294.72 352.67
259.57 12.86 317.31 394.15
278.43 64.46 316.56 411.27
228.96 28.69 336.59 437.36
233.84 67.17 370.9 412.95
181.74 28.35 366.91 345.57
264.06 110.74 235.69 430.35
223.84 146.69 386.54 386.56
312.27 77.42 312.2 405.41
287.92 29.72 319.3 366.49
162.48 93.84 180.4 380.83
237.1 43.48 358.98 408.67
309.77 52.97 259.1 406.32
284.94 22.52 267.77 429.48
220.51 131.43 203.78 422.75
192.91 62.24 246.95 423.4
209.93 6.92 346.12 416.51
235.64 129.42 361.97 396.88
294.02 6.5 368.67 367.56
221.69 117.51 200.73 345.47
221.28 33.68 314.95 364.47
296.62 43.15 346.54 406.16
189.44 32.77 209.33 418.08
277.61 126.43 410.74 386.59
251.54 56.17 232.52 327.26
205.95 77.67 314.32 442.77
183.37 98.08 394.17 321.33
292.6 95.49 245.97 360.19
179.52 56.27 365.76 465.27
231.65 84.45 303.39 443.26
212.89 57.11 332.66 443.24
260.62 89.8 415.47 442.63
197.0 10.03 310.95 361.23
208.68 91.01 312.4 386.85
215.54 49.27 395.5 402.19
259.12 31.89 243.5 440.94
233.6 106.32 400.22 402.55
193.89 30.18 289.92 423.97
226.25 71.74 336.58 389.01
290.6 49.79 316.08 407.34
231.03 19.91 194.68 322.33
167.3 25.73 300.01 382.42
262.29 23.81 293.5 374.75
273.81 94.05 310.11 369.34
194.63 24.45 229.38 376.95
254.35 25.54 313.25 431.62
243.69 32.04 373.94 324.2
241.85 108.62 396.16 408.89
261.05 142.16 255.09 337.41
232.49 112.02 310.85 318.29
202.46 148.37 356.11 397.98
172.71 103.06 241.25 450.95
280.35 39.77 428.73 458.76
225.61 40.76 292.91 324.73
175.33 101.37 331.99 397.2
291.48 141.61 358.65 383.6
185.49 140.71 182.48 430.08
201.18 103.79 268.35 421.62
302.79 77.77 259.35 461.07
189.31 70.46 338.1 334.02
244.9 150.03 240.5 428.13
240.6 50.92 186.28 352.43
270.01 119.44 320.13 374.31
163.84 89.43 340.44 320.26
244.94 107.19 317.44 466.21
182.25 150.69 352.8 379.3
189.89 44.31 391.22 399.8
298.99 82.49 428.99 387.46
190.19 147.91 301.47 440.66
238.7 98.88 207.58 389.99
226.03 112.55 402.01 416.38
229.36 118.11 384.2 370.74
215.88 31.29 312.53 366.11
193.73 107.78 286.36 338.48
273.64 68.34 315.91 357.81
236.56 134.79 207.92 328.94
306.26 155.92 460.73 343.87
198.02 16.57 291.44 375.08
181.37 85.25 261.56 458.13
216.37 126.34 350.18 337.32
201.19 91.67 279.64 335.74
312.38 96.58 239.55 392.3
281.24 136.14 237.26 410.53
195.81 96.39 268.41 434.83
308.17 28.8 332.2 394.8
176.53 41.41 180.9 323.91
244.6 70.63 309.49 424.02
186.42 110.54 355.12 416.2
280.18 146.87 240.54 412.03
167.84 40.03 426.68 435.61
292.39 8.16 256.01 436.3
192.7 141.0 343.4 410.49
195.9 52.1 314.92 419.21
303.21 112.12 320.78 315.03
308.08 149.66 359.91 425.83
255.67 115.45 238.97 313.68
180.48 57.41 348.84 319.52
301.51 113.32 240.78 357.21
285.89 41.18 364.25 317.11
194.69 118.76 333.75 382.89
196.14 49.25 351.37 405.72
257.32 117.04 393.2 371.05
288.53 56.88 255.47 444.2
253.8 151.91 280.91 459.98
192.66 68.16 374.75 334.99
258.66 126.35 358.41 406.46
265.71 64.6 232.59 440.56
156.37 56.47 433.0 412.63
190.83 87.46 311.78 341.22
290.92 127.16 412.98 396.33
166.25 125.18 307.78 365.1
289.53 135.4 248.19 339.31
298.16 144.57 439.62 442.37
218.16 56.39 258.08 328.55
257.97 142.44 415.17 403.88
212.61 4.86 229.42 467.56
158.23 142.63 331.52 403.07
191.53 23.04 372.11 417.66
198.45 30.35 312.32 315.6
234.36 37.77 396.86 444.53
250.57 111.75 254.95 320.82
222.48 96.61 400.81 403.28
200.45 21.57 347.18 365.93
246.85 145.15 371.9 325.0
261.47 92.59 340.86 321.63
285.19 48.2 330.35 445.04
247.12 106.9 211.99 451.81
227.99 139.74 355.27 357.63
275.33 18.33 247.91 425.36
159.57 1.41 303.01 408.93
215.81 82.52 313.55 403.89
297.7 70.77 365.65 348.25
305.7 105.23 358.07 465.71
250.07 20.93 313.31 364.62
183.25 50.73 315.31 328.64
202.07 123.17 349.91 451.73
248.97 25.91 299.81 462.36
178.77 48.49 265.53 385.9
276.07 93.8 279.94 348.52
269.49 44.37 261.86 325.13
181.08 125.69 299.88 459.07
234.16 68.89 313.68 453.77
308.66 1.07 334.84 364.01
290.18 29.74 297.29 322.89
279.33 52.67 252.65 324.83
274.73 10.16 278.39 465.14
221.16 46.48 231.91 460.25
247.3 118.39 252.09 453.94
278.33 143.5 356.13 336.2
175.01 120.03 325.31 323.35
284.68 89.46 362.83 345.84
280.53 123.72 245.57 445.63
182.91 39.56 396.14 462.76
215.4 155.4 331.14 376.93
179.91 76.62 326.79 415.84
270.36 86.65 425.57 365.86
177.91 76.56 333.88 461.48
239.24 150.42 282.95 339.67
164.4 63.11 307.06 405.63
171.71 102.24 314.11 370.38
230.6 27.0 319.08 445.66
206.26 139.59 434.29 424.39
195.18 131.13 215.34 371.59
157.58 139.82 270.72 343.25
180.44 89.26 318.12 395.67
238.44 15.35 279.58 326.74
171.67 142.01 307.32 426.93
268.56 89.54 335.28 457.48
235.42 154.94 340.65 436.81
185.89 64.98 325.96 375.8
203.6 99.95 447.08 447.11
156.49 127.75 376.4 422.54
310.43 123.48 232.32 402.29
165.73 26.8 347.67 439.42
236.93 128.32 359.09 345.38
235.5 134.97 323.89 345.22
160.37 44.69 305.48 385.93
308.64 46.85 233.93 353.06
157.22 102.77 235.58 429.61
228.7 18.69 311.73 385.95
231.18 132.52 367.21 371.16
258.44 82.18 257.08 450.25
165.0 145.49 455.82 466.23
186.99 71.83 319.26 409.92
294.81 63.02 223.38 376.09
194.19 1.47 348.76 399.41
168.94 2.76 268.25 314.95
267.95 111.6 288.61 332.8
281.81 67.73 307.18 443.95
285.97 18.12 349.54 442.75
264.87 136.84 258.34 451.24
224.94 102.99 385.37 451.73
164.31 32.3 363.22 367.12
170.59 8.91 404.42 391.09
218.24 103.91 415.49 468.66
174.47 3.07 276.46 455.92
205.46 135.34 276.3 408.24
242.96 95.93 299.83 321.4
308.62 34.38 299.72 356.12
284.8 135.95 240.71 369.9
205.84 57.05 411.92 321.3
181.76 61.92 304.11 467.13
298.27 69.92 284.21 459.87
273.75 77.69 398.19 374.33
222.06 134.32 352.93 443.06
260.35 114.8 198.66 362.82
272.89 49.49 384.13 399.03
211.74 149.33 249.03 390.59
183.79 88.46 238.28 400.5
269.4 59.17 319.13 432.0
294.53 129.17 326.04 427.85
158.62 48.09 198.59 387.45
303.66 37.86 235.26 410.01
224.66 41.7 300.98 316.11
203.98 119.45 252.39 355.15
273.85 20.32 222.3 407.76
213.98 98.93 295.51 370.06
235.39 46.84 382.76 378.13
157.74 109.78 169.18 354.9
289.89 82.14 330.71 462.09
187.21 139.85 244.17 462.17
238.73 64.97 380.27 362.1
249.56 47.54 334.6 367.41
157.02 22.39 234.45 386.96
204.69 50.03 219.96 422.75
158.71 93.36 234.81 445.75
246.74 155.81 335.92 390.23
269.92 82.61 378.03 443.75
305.48 48.38 323.16 331.69
242.85 120.67 237.8 424.14
198.75 98.57 348.23 422.29
175.31 35.73 281.67 425.13
271.61 18.13 194.79 387.67
269.0 150.29 188.05 316.2
227.65 79.06 441.96 323.03
236.72 65.19 316.92 407.6
307.32 87.09 309.88 437.81
190.97 134.69 452.16 456.41
266.88 75.5 398.89 328.82
276.87 149.05 223.92 357.92
198.71 85.47 242.43 336.19
266.88 121.85 321.59 327.58
225.01 10.1 313.86 458.04
200.93 34.31 289.66 422.63
288.11 105.35 241.33 335.51
248.5 145.42 195.67 388.33
196.9 63.16 294.0 448.78
234.48 92.59 245.47 468.63
169.69 47.3 174.43 409.64
241.96 151.75 333.84 463.47
271.67 145.12 353.36 420.69
275.17 44.7 329.26 324.32
161.4 28.3 340.41 327.67
229.79 123.73 363.91 454.53
286.95 98.17 415.02 329.11
180.87 129.88 210.69 407.06
284.7 24.64 252.81 447.73
