50
998.0 1006.0 995.0
30.59 6.3 28.65 43.46
24.76 10.09 31.65 35.22
27.58 8.17 24.41 41.87
30.7 8.49 32.58 41.25
30.99 12.14 21.68 37.53
20.38 7.33 28.03 35.57
26.58 13.01 20.88 46.73
28.55 11.76 30.91 36.85
29.98 2.41 33.58 43.48
21.08 6.46 32.31 33.35
25.21 15.06 31.08 36.34
19.79 7.02 26.91 38.21
31.21 12.1 28.85 41.39
20.18 4.66 40.44 39.04
20.13 3.3 42.31 41.64
17.36 6.96 26.0 33.53
28.03 1.5 36.06 42.15
25.33 13.0 25.95 45.75
26.78 3.66 18.24 34.69
20.89 12.93 31.65 36.69
18.66 9.79 39.35 35.71
28.61 3.25 28.5 38.66
29.51 7.78 17.94 37.15
28.5 2.77 34.84 40.26
30.16 10.87 30.18 38.1
22.29 9.95 34.77 42.94
19.98 13.57 29.53 40.68
25.15 1.18 32.33 34.89
30.74 13.51 29.49 44.97
27.72 15.6 29.83 37.64
26.79 2.36 26.02 32.85
23.2 15.24 42.23 39.41
25.95 15.19 35.1 38.52
23.0 7.09 36.67 39.26
20.63 8.35 24.17 45.96
29.45 4.59 26.46 45.58
30.46 6.19 34.76 45.97
18.33 12.66 29.77 36.97
26.5 2.35 32.62 32.49
26.55 9.6 36.21 37.47
18.62 1.53 28.41 42.06
30.88 2.22 32.43 31.66
18.68 13.38 42.94 41.76
27.77 3.51 37.59 33.77
25.53 14.83 31.35 35.41
25.35 12.17 37.59 38.86
18.38 2.42 36.14 39.09
30.41 9.26 44.0 35.84
15.95 1.38 34.8 39.69
22.16 8.96 36.36 41.5
