100
10017.0 9943.0 9977.0
172.84 53.77 325.46 356.34
184.74 38.54 295.34 363.51
299.6 118.27 288.78 446.12
236.4 139.31 296.48 446.67
299.14 42.51 266.72 440.26
235.26 78.5 400.34 458.81
290.77 106.33 274.96 424.69
302.48 97.94 241.62 347.45
213.84 42.96 275.88 402.79
265.04 75.99 359.98 374.39
232.64 93.26 337.42 390.56
250.63 36.85 299.38 332.66
226.59 150.71 417.31 360.69
282.42 99.66 357.73 439.26
243.19 142.66 355.38 391.85
272.69 15.89 311.53 451.96
182.38 50.14 454.66 350.01
240.34 146.11 365.9 358.93
288.35 11.56 380.69 439.93
197.22 79.62 389.2 319.78
161.76 108.83 275.65 349.57
184.12 8.09 220.94 342.92
194.92 127.9 369.21 424.45
168.15 146.79 388.41 353.98
192.23 104.84 332.39 460.55
259.82 141.92 291.35 451.8
266.45 71.78 343.58 383.81
272.79 43.0 332.65 321.98
185.95 87.53 321.34 411.94
219.12 139.46 212.54 313.01
288.94 88.86 268.81 342.38
172.52 114.27 331.2 459.29
162.81 63.3 226.16 336.51
202.58 70.45 457.38 373.77
252.41 102.51 366.74 351.29
187.5 58.72 322.73 317.13
199.29 138.1 214.39 364.13
188.43 25.81 244.95 381.35
229.25 18.23 183.84 405.06
233.69 56.33 259.4 381.08
311.88 42.41 280.64 426.3
208.74 128.84 401.86 410.25
211.97 135.62 358.77 459.3
180.09 48.1 309.77 420.33
256.11 5.15 282.71 367.95
184.41 57.93 248.59 423.45
178.99 93.24 294.51 398.73
231.8 31.46 321.15 327.96
238.3 57.11 397.44 350.11
268.35 103.73 337.89 415.07
285.39 119.5 278.77 403.85
237.37 49.58 294.76 355.21
309.33 34.71 191.68 400.1
221.58 133.26 362.47 320.59
248.46 53.08 394.61 351.62
168.36 75.92 384.59 370.67
202.99 52.68 233.34 362.17
189.94 40.29 299.65 416.09
296.85 88.35 281.76 396.02
191.1 59.03 356.68 358.82
233.4 83.07 265.15 458.74
258.86 77.86 318.54 401.84
205.89 75.96 283.38 448.3
304.44 36.02 362.26 368.03
255.18 96.88 318.21 406.4
266.89 149.85 247.04 439.08
236.49 122.44 260.74 411.15
201.91 95.59 315.85 455.09
193.14 10.59 319.48 367.57
304.75 50.7 272.73 325.14
212.11 56.65 363.71 335.2
204.61 146.23 330.07 411.88
217.55 65.47 228.8 432.44
202.27 117.51 354.13 381.68
162.32 83.21 429.03 452.2
173.15 36.76 345.31 315.81
287.72 36.91 302.81 412.11
240.15 95.15 385.37 427.52
273.98 137.26 396.36 427.97
306.38 27.78 238.65 390.17
272.76 17.59 412.1 382.77
225.37 122.1 272.99 448.05
221.96 14.86 411.3 466.41
174.68 31.19 207.23 389.15
182.48 145.16 304.64 391.76
266.64 50.17 355.64 321.52
157.17 35.09 251.0 388.62
166.48 49.7 310.82 369.86
219.05 20.45 278.66 347.86
285.04 147.17 382.97 454.12
274.57 155.77 308.58 452.22
217.7 72.98 361.86 392.54
254.61 20.97 351.75 336.25
264.0 44.18 274.65 314.4
261.53 103.88 327.79 421.68
257.9 97.4 261.86 400.02
296.68 132.7 404.64 347.01
172.65 85.91 267.88 451.46
226.96 36.66 341.53 446.24
197.26 14.32 265.69 364.15
