25
986.0 988.0 1014.0
30.28 8.57 28.18 41.46
19.09 13.13 26.86 36.55
23.58 10.53 32.61 36.61
25.79 13.97 18.21 32.99
20.96 13.56 40.41 34.92
26.25 7.96 38.43 46.22
30.66 9.62 26.46 31.62
29.7 6.87 39.67 44.62
26.77 9.89 39.7 31.5
19.14 3.54 30.08 38.61
28.95 7.73 38.8 38.17
16.05 15.59 35.67 40.34
27.79 12.75 38.57 40.07
18.85 3.87 30.48 34.7
19.34 2.83 38.89 40.82
22.96 14.29 31.05 45.65
26.28 4.93 34.6 44.25
21.65 10.54 38.01 36.37
31.04 1.69 32.68 33.92
27.12 13.03 32.34 44.06
30.31 11.09 36.17 37.3
16.06 8.03 34.91 40.15
22.98 5.56 30.31 31.81
17.53 9.75 26.94 43.09
26.39 14.57 27.44 37.45
