100
1002.0 1011.0 1004.0
26.65 9.58 30.68 45.54
16.97 2.34 33.95 45.01
31.1 10.07 31.51 40.1
30.01 11.53 32.28 35.25
18.92 15.16 40.13 39.47
15.98 2.79 28.54 34.29
25.83 3.47 21.42 40.92
20.55 12.58 25.65 36.62
30.89 10.08 30.73 33.4
25.6 4.03 30.17 39.41
21.79 11.47 24.99 37.99
16.47 13.48 28.2 37.8
25.04 8.38 30.67 45.76
25.97 14.93 35.71 44.02
29.26 7.85 35.48 32.96
22.26 2.56 34.1 44.74
29.47 13.67 31.72 37.3
20.14 7.11 29.89 35.8
19.36 10.06 18.68 41.85
30.17 2.88 29.52 43.96
20.66 3.83 33.08 46.76
17.85 9.66 40.88 37.36
28.84 10.59 27.41 34.16
19.66 14.0 34.26 39.77
19.39 6.43 32.61 31.84
30.81 2.78 30.01 38.91
22.44 5.89 21.04 46.52
20.4 7.64 27.09 39.03
25.77 6.6 40.13 38.47
20.29 12.56 30.34 38.17
23.43 7.92 31.32 42.48
22.26 8.07 43.6 37.72
31.08 6.81 24.7 43.51
21.67 10.38 37.33 37.09
22.28 6.86 24.07 32.42
16.43 2.07 36.57 37.13
22.32 13.8 37.11 42.87
26.0 10.67 27.6 42.11
22.79 4.53 29.89 36.87
30.14 2.93 36.76 46.68
18.42 13.02 35.36 43.91
20.7 11.78 22.73 32.52
18.1 13.18 22.13 36.59
24.58 4.7 22.86 34.0
23.61 4.81 43.84 31.79
19.46 9.44 18.18 40.53
29.14 5.88 23.98 36.29
27.54 3.33 28.17 45.43
19.56 10.88 24.71 44.3
20.21 5.88 26.99 42.57
24.73 6.57 27.02 43.93
26.63 3.04 32.22 41.56
30.84 11.97 29.79 34.16
20.99 13.44 32.86 32.66
24.49 13.48 42.73 37.55
29.0 5.45 37.61 35.05
18.21 12.46 36.88 38.67
31.13 2.79 30.67 36.51
26.21 15.03 30.5 39.93
30.92 4.61 33.76 43.85
21.98 6.37 36.39 33.06
26.84 3.38 29.31 32.39
23.92 5.51 42.31 36.18
16.25 11.62 33.82 37.06
28.69 15.09 35.95 34.36
17.34 10.09 34.99 39.33
30.91 7.22 25.71 36.94
16.3 10.86 31.65 33.77
25.31 15.24 40.26 38.38
21.96 3.12 33.31 33.66
29.53 11.24 32.72 33.76
25.79 4.6 27.54 33.64
17.92 6.04 28.07 45.89
29.56 9.12 35.75 40.03
24.25 1.04 32.65 35.77
25.0 1.91 29.74 44.77
20.09 2.34 30.22 33.36
28.65 13.17 40.81 35.6
24.66 9.53 25.68 43.03
17.37 9.08 39.52 31.65
20.7 14.58 27.36 33.1
23.85 6.37 26.32 38.42
22.66 12.9 26.95 42.62
19.09 1.58 27.36 44.12
27.26 14.07 28.86 31.39
22.73 6.76 31.07 32.49
17.21 14.19 34.12 41.69
26.6 13.03 41.83 40.45
26.94 13.15 29.34 44.95
20.62 6.03 24.06 45.56
16.51 10.05 38.67 42.46
26.16 12.21 30.88 44.78
19.78 15.23 23.17 37.34
18.74 3.26 33.45 44.93
24.8 14.78 18.53 45.45
17.59 14.64 44.8 31.42
30.61 14.69 29.9 35.76
16.92 7.12 42.02 45.3
29.99 1.84 35.89 38.01
23.45 5.23 20.05 36.38
