500
10063.0 10523.0 9897.0
252.41 53.63 360.78 374.91
170.04 123.17 292.86 338.89
181.43 141.49 392.23 358.75
186.37 94.82 333.93 394.58
195.67 93.9 313.06 425.73
238.72 145.82 373.14 355.14
238.87 85.82 319.86 401.9
198.09 133.89 377.84 401.53
187.66 13.19 324.51 416.36
173.9 91.66 405.92 462.93
303.0 2.67 231.72 416.97
249.0 25.87 267.36 320.77
229.88 86.14 283.9 438.92
243.1 39.7 217.18 331.82
308.32 95.71 195.59 360.44
305.31 22.12 273.04 404.7
259.61 9.49 436.7 399.14
172.3 39.96 351.06 434.28
183.83 47.34 329.64 449.03
224.41 124.8 281.92 373.02
262.98 35.39 247.2 424.93
243.49 95.12 214.08 350.57
294.38 62.13 339.48 312.77
233.47 115.21 394.98 348.88
283.75 146.92 227.76 408.8
225.95 29.46 397.99 320.81
168.67 57.0 306.23 410.19
296.31 99.33 298.97 431.43
235.75 19.24 185.39 441.75
201.88 18.71 397.1 439.65
257.92 10.54 183.04 458.88
164.99 104.73 199.57 389.23
267.73 39.71 280.68 404.2
204.7 94.54 340.97 367.28
253.26 21.5 281.64 344.15
312.33 104.21 321.03 317.93
232.25 76.54 331.29 399.45
166.76 2.13 183.24 432.83
178.68 20.75 339.39 320.48
181.09 130.45 370.85 322.19
188.53 31.34 275.77 331.06
204.66 61.45 321.8 410.08
311.77 130.2 309.01 436.29
301.5 143.93 239.91 385.39
204.97 107.36 257.46 368.76
175.29 78.74 383.34 454.03
282.34 87.73 417.83 341.1
173.74 67.32 393.41 391.42
171.44 141.33 246.18 413.07
163.34 145.47 324.36 455.29
186.21 120.72 277.89 369.89
219.6 90.72 366.41 384.4
283.68 142.4 270.54 327.69
185.5 22.81 188.44 344.44
276.5 110.59 336.37 336.66
273.15 68.65 415.45 373.4
267.37 87.08 246.02 356.01
207.52 49.9 421.07 365.98
225.99 120.08 294.13 360.89
172.55 118.35 271.5 402.5
166.19 27.73 273.45 318.62
184.55 103.01 334.99 415.64
246.15 3.91 275.96 442.28
252.86 131.26 345.97 360.32
256.33 94.3 282.83 421.2
245.93 91.11 326.52 417.13
191.63 24.91 293.63 365.72
251.54 62.77 421.53 425.37
251.6 107.29 199.07 317.82
232.7 70.09 411.16 389.15
157.56 46.92 346.72 431.88
181.18 133.75 201.28 410.56
250.85 84.68 211.21 406.51
278.23 50.6 282.84 317.42
176.66 105.96 370.11 318.5
226.93 100.39 335.86 414.18
215.32 104.24 279.64 401.41
223.94 22.77 256.14 418.49
238.98 80.05 236.77 394.37
284.32 66.75 319.11 423.48
175.02 112.46 286.23 386.29
236.36 28.11 384.16 346.19
215.7 100.9 276.01 377.14
163.32 137.16 289.01 405.22
311.37 97.06 265.02 439.68
191.51 100.41 229.43 466.48
217.54 143.33 401.52 430.02
207.85 124.1 290.44 360.75
272.93 145.05 440.54 358.27
290.22 55.56 306.87 334.36
261.96 112.51 290.66 436.63
220.42 114.35 341.71 429.79
231.53 81.17 372.58 447.4
221.69 6.66 323.43 451.12
232.09 53.5 236.96 345.42
286.68 53.85 236.06 459.47
265.86 16.23 410.91 391.25
239.84 90.08 332.5 391.14
310.77 145.64 291.81 403.92
182.19 103.77 436.93 432.95
286.53 147.77 266.59 369.84
260.01 66.11 348.7 461.78
176.73 139.84 258.18 353.73
163.23 78.3 277.88 363.37
251.54 53.96 275.51 413.7
294.84 156.15 302.45 320.11
288.98 60.34 238.38 333.05
284.11 45.69 359.69 385.66
248.52 29.55 334.02 332.44
238.12 2.8 339.6 361.89
161.75 69.48 374.12 456.29
230.8 85.98 304.27 416.24
254.87 61.3 305.4 370.62
271.05 45.97 220.34 382.85
223.16 33.53 368.95 338.36
194.91 12.4 344.77 399.95
307.97 129.93 449.51 382.4
244.01 140.46 253.95 401.82
269.96 146.32 359.27 383.12
258.72 15.52 258.62 423.5
199.57 144.53 327.13 440.73
263.51 28.62 361.82 456.98
265.87 5.62 266.15 355.45
310.14 36.2 282.8 427.85
286.55 80.88 412.36 424.55
256.75 121.19 219.52 423.83
299.93 128.26 227.06 394.92
215.62 146.69 325.05 395.42
279.87 2.1 289.97 428.84
170.3 29.2 381.58 416.5
295.69 41.29 374.34 432.49
209.36 6.24 399.08 404.99
261.47 113.2 317.81 413.3
262.7 40.59 400.19 344.04
306.1 80.61 198.1 444.61
303.45 18.58 374.59 461.57
238.45 27.34 337.76 414.69
190.6 74.36 301.96 343.52
265.16 130.22 435.97 361.03
227.98 95.0 222.68 425.17
284.0 42.05 341.29 414.51
168.04 87.03 294.26 398.85
167.34 14.66 362.93 400.27
203.7 84.1 311.5 360.38
170.53 12.94 268.24 338.73
181.5 94.65 339.08 380.31
252.42 147.81 325.9 397.98
230.71 82.8 279.22 386.44
229.2 54.41 371.84 415.12
159.41 52.46 301.94 323.31
208.08 108.33 326.12 392.95
272.26 42.09 393.75 389.41
303.69 17.01 328.8 399.62
282.48 85.77 288.83 345.87
223.68 34.79 341.14 463.67
266.31 130.18 452.81 333.3
262.22 83.0 310.56 396.61
214.05 45.24 299.89 445.13
174.39 110.95 200.3 339.24
299.41 22.17 298.9 337.85
311.63 123.86 317.86 408.48
249.45 20.6 345.6 335.88
226.49 32.48 264.03 377.78
300.77 24.37 425.91 460.68
253.76 10.45 328.82 432.49
194.64 89.59 227.3 315.42
306.68 38.42 396.41 447.58
246.84 59.29 292.84 427.64
242.46 72.51 300.62 353.25
158.97 148.05 388.5 388.93
304.88 67.88 352.3 427.26
162.99 13.24 395.45 332.09
299.85 23.79 311.52 408.74
228.23 87.7 288.96 371.16
214.14 93.73 386.42 450.16
284.43 25.73 328.95 460.64
241.7 77.72 232.72 335.9
180.05 17.57 316.94 376.91
263.13 112.23 365.75 382.29
239.29 93.3 316.58 444.03
224.37 110.37 404.39 407.36
212.78 153.55 403.21 330.83
222.23 9.03 251.15 315.71
288.72 27.09 321.93 371.43
198.88 93.68 361.44 422.77
193.04 89.57 198.05 332.89
230.24 64.79 307.19 362.69
260.01 44.82 396.14 460.13
305.28 67.28 332.82 369.52
226.74 55.76 230.41 345.66
310.46 19.16 363.91 369.14
199.33 60.02 258.59 335.85
241.23 152.23 234.61 460.35
171.89 65.2 366.33 323.55
212.89 54.64 318.62 425.79
265.31 45.78 219.76 455.96
215.06 121.2 288.27 328.14
202.99 48.47 370.36 382.53
172.51 6.94 281.84 430.14
280.59 57.77 327.5 352.76
200.43 131.33 200.5 389.41
277.26 143.6 373.19 443.84
311.83 87.13 325.99 319.61
211.57 24.41 268.66 415.43
164.43 49.83 320.26 320.71
251.29 11.58 289.49 450.96
233.2 82.79 316.87 329.0
160.95 25.1 374.73 437.61
287.78 42.76 286.01 441.5
275.36 121.92 327.37 347.45
242.28 80.12 371.53 425.18
214.92 127.29 414.4 411.07
299.2 32.27 241.11 340.18
224.99 29.03 183.87 328.2
244.44 74.04 418.95 313.58
254.3 103.22 416.67 450.31
158.45 81.75 365.46 430.0
166.5 52.27 288.64 342.43
174.4 12.07 277.31 399.38
235.2 139.84 288.99 316.76
307.73 100.9 277.93 361.47
203.92 4.52 271.18 418.27
201.43 28.78 301.88 411.62
179.57 8.95 188.47 378.35
288.83 127.44 362.11 452.67
247.62 88.13 185.46 462.06
179.36 152.35 323.33 418.26
204.58 146.02 250.39 460.3
251.72 122.99 352.98 431.98
198.91 77.07 369.76 320.98
247.08 110.44 351.79 453.03
291.06 88.46 201.83 315.91
290.77 49.23 297.75 412.27
310.6 55.44 247.25 374.18
228.07 96.31 320.9 438.35
256.24 124.68 240.48 363.11
235.37 83.54 304.79 389.29
225.06 19.81 295.5 452.8
300.62 25.21 246.5 354.91
266.01 129.39 325.68 396.12
253.21 142.34 299.59 418.21
222.72 107.73 308.24 373.85
256.11 96.21 390.79 450.55
312.11 144.8 378.77 358.92
166.64 110.58 431.54 353.46
207.57 91.07 355.49 348.61
273.82 152.38 312.42 376.27
234.28 15.61 214.12 359.78
218.09 71.12 273.33 414.37
289.73 11.43 462.29 350.46
173.9 30.69 330.18 459.36
236.03 77.28 417.31 432.32
257.66 25.16 388.42 389.4
243.99 49.14 380.56 375.67
255.35 15.15 276.93 438.32
204.2 31.21 329.61 420.32
287.27 138.34 173.83 353.85
262.45 29.69 190.54 407.22
175.87 135.36 276.75 447.82
258.51 138.64 308.26 429.15
180.28 102.43 244.98 319.15
216.45 64.87 326.26 418.44
241.34 7.63 276.67 400.47
197.17 97.53 239.07 332.17
233.3 141.33 205.15 448.86
249.92 4.58 301.95 319.99
260.45 36.05 199.87 364.49
260.05 127.59 204.75 342.83
189.77 56.24 335.41 445.16
181.74 32.08 262.63 458.54
223.98 111.93 344.17 387.15
180.69 88.56 308.53 341.01
246.62 75.25 322.24 428.13
197.88 47.5 338.23 347.0
294.82 49.06 318.91 414.33
282.01 130.99 431.83 424.41
254.45 4.55 337.01 374.29
186.57 60.74 221.0 399.34
195.48 108.65 275.89 321.33
245.54 95.56 319.39 459.73
282.05 9.29 265.01 398.46
211.5 102.78 311.91 362.58
274.12 152.06 345.61 371.75
248.53 72.93 250.75 367.64
263.9 42.05 358.25 437.13
169.48 7.07 300.64 424.6
202.44 127.07 256.25 410.52
304.97 10.58 319.61 451.87
200.73 120.43 454.65 429.87
307.5 74.8 328.18 450.88
185.31 116.08 361.33 449.23
203.38 19.43 243.31 420.39
258.44 98.05 253.56 427.14
247.83 110.22 287.12 373.21
219.34 144.76 294.88 414.5
157.6 35.36 259.35 434.11
156.78 17.02 359.44 321.61
247.66 86.68 271.79 439.89
207.97 27.37 251.79 447.15
308.79 104.72 245.81 459.99
303.14 10.31 209.59 423.43
274.88 135.95 314.18 335.5
245.7 54.13 183.3 458.12
166.35 113.84 265.59 396.94
187.84 79.85 288.35 404.91
200.52 7.13 384.12 381.4
265.91 121.34 318.16 392.32
199.67 10.42 334.88 375.77
270.61 144.33 194.3 369.0
210.5 20.62 243.47 325.02
202.73 3.06 244.92 440.11
252.03 39.13 357.98 317.69
186.51 103.55 270.66 354.17
218.67 81.89 434.1 348.9
158.03 78.84 352.14 335.54
308.23 152.41 391.21 349.76
237.92 36.15 407.76 449.76
269.54 69.09 415.35 445.98
180.68 100.9 277.8 353.64
286.59 134.42 194.85 405.0
212.54 10.84 270.79 359.92
205.56 149.85 229.58 355.92
302.59 64.54 241.83 338.62
263.82 93.92 284.0 360.84
310.69 25.72 281.3 427.35
247.29 92.6 281.83 437.79
307.13 100.72 394.24 344.39
262.04 150.75 236.15 448.76
186.72 68.32 269.3 317.42
286.35 18.17 294.21 460.32
238.01 67.49 323.99 365.17
256.62 117.57 337.22 446.33
157.88 41.21 315.39 441.46
196.74 39.6 256.37 321.0
228.51 61.07 219.7 450.91
161.38 23.47 252.33 361.13
168.25 84.49 420.54 380.67
271.88 121.31 318.74 340.92
231.77 114.63 442.63 412.24
294.31 131.86 363.26 387.72
229.9 72.44 311.54 405.65
195.52 117.81 403.53 357.26
170.93 54.51 307.61 323.06
233.22 128.99 212.5 342.16
189.24 145.56 383.03 463.48
191.57 95.89 262.2 449.08
239.19 4.23 279.67 356.02
180.32 71.7 441.6 419.8
187.85 139.48 244.59 441.56
245.68 55.9 318.63 345.25
236.62 152.07 231.0 459.17
244.8 137.73 355.58 355.52
267.9 30.14 323.13 403.42
213.17 65.62 260.45 452.54
207.0 139.04 235.06 436.62
172.96 137.75 222.72 420.14
210.89 63.14 313.53 345.34
261.89 83.42 332.03 452.49
232.3 139.88 371.07 420.63
296.1 10.1 225.06 424.0
179.15 24.95 180.24 384.85
198.93 69.8 339.86 412.56
235.01 99.2 362.36 313.98
244.63 29.13 181.8 377.83
208.91 76.62 222.22 436.09
288.82 34.0 360.86 347.83
189.19 140.04 310.14 383.87
301.14 14.54 306.77 393.68
269.53 65.65 326.23 449.43
168.02 72.62 302.67 459.76
200.85 70.29 342.98 418.82
307.22 98.43 184.7 406.12
173.4 98.39 400.83 378.83
204.21 102.62 325.0 364.62
267.28 30.25 267.8 332.23
252.9 30.9 310.19 331.19
250.19 152.34 407.07 388.16
259.97 22.77 367.75 332.14
168.55 150.61 255.1 434.55
290.18 45.61 366.68 462.44
237.29 115.73 273.1 331.63
213.76 116.25 343.64 370.0
166.88 94.47 350.54 398.34
270.77 66.85 241.39 400.02
211.96 143.49 248.29 438.53
217.21 95.53 333.11 361.26
164.89 132.95 287.16 323.93
273.02 118.54 234.55 439.17
221.9 142.84 218.08 449.56
222.9 129.88 356.76 322.54
232.37 92.15 335.29 334.52
167.73 106.79 309.31 408.02
181.9 62.24 301.09 313.33
280.95 100.89 370.71 331.84
222.78 74.52 377.52 446.9
239.09 119.1 321.94 443.73
300.37 50.82 223.67 319.49
254.75 102.52 254.93 463.75
204.8 95.52 229.26 425.41
189.94 112.68 345.64 360.81
202.09 145.77 415.56 332.66
192.6 82.27 199.82 399.37
163.0 114.16 326.47 362.21
245.39 32.87 411.69 387.06
254.87 105.56 301.61 458.82
286.53 34.25 258.24 380.43
238.34 4.25 243.36 411.56
191.96 151.92 306.28 383.54
165.01 151.99 272.36 353.29
257.55 46.31 247.46 333.5
275.72 37.01 254.51 339.59
288.06 84.14 238.26 382.15
247.63 134.46 365.14 462.04
209.64 114.64 338.6 400.16
232.78 11.87 338.7 426.99
205.58 102.89 299.08 351.78
213.76 64.7 414.77 355.43
210.37 47.41 348.97 325.36
283.87 82.49 281.73 466.61
181.68 145.18 338.69 442.13
190.65 52.83 298.92 336.77
164.15 59.07 360.52 322.77
202.83 139.46 221.11 321.8
255.09 53.65 188.94 392.73
176.48 114.12 394.35 320.79
190.31 32.67 354.49 370.78
258.31 70.9 252.15 336.18
238.47 53.47 263.79 418.5
310.82 40.67 386.43 375.53
162.84 155.12 209.86 435.47
242.15 44.76 446.45 439.07
270.16 123.97 329.97 369.16
290.56 41.07 327.91 377.86
253.95 42.44 371.56 415.87
310.22 73.29 232.3 463.37
181.5 37.83 414.12 438.11
296.57 153.4 202.34 371.31
237.11 53.6 243.62 358.76
181.7 142.05 352.09 449.33
242.01 49.43 283.71 354.94
254.26 93.31 386.2 452.53
259.96 93.69 400.88 460.41
163.14 47.67 401.97 421.16
269.59 138.67 384.64 346.97
289.29 90.14 285.71 454.12
258.86 91.81 357.18 408.19
270.28 57.71 332.77 408.12
281.23 39.31 372.28 448.21
245.37 11.43 355.03 417.97
172.68 145.13 320.0 442.85
298.85 104.74 261.69 442.63
298.32 51.89 212.91 384.65
181.69 106.78 366.67 354.49
216.23 131.52 300.06 382.47
206.56 29.44 370.89 374.26
204.77 124.49 421.01 317.0
159.76 28.97 296.68 360.61
186.86 72.55 292.89 414.88
175.02 41.05 340.52 314.32
311.66 41.89 437.26 421.32
160.71 10.87 388.76 391.15
281.92 99.77 245.67 367.42
253.06 142.68 198.66 380.69
188.9 33.02 193.49 458.86
217.86 60.32 206.99 460.07
267.21 26.76 175.11 326.31
156.32 23.28 248.9 405.76
182.06 6.68 263.76 353.45
246.14 133.17 267.55 465.63
204.8 74.23 325.5 351.55
246.4 81.32 241.89 345.06
212.28 92.49 288.23 431.53
158.69 110.36 208.71 357.09
163.03 47.47 277.0 398.39
161.36 72.58 230.46 424.05
223.91 121.29 176.69 350.11
182.57 68.81 271.88 400.42
228.24 125.19 333.98 397.15
251.98 86.93 395.81 313.89
203.63 123.52 260.36 339.3
220.66 97.76 327.2 365.37
157.48 63.34 387.14 355.79
217.3 80.02 298.59 445.63
226.77 102.8 307.15 459.22
186.71 61.5 346.42 402.05
304.38 85.68 225.2 368.97
267.88 155.53 310.53 332.69
168.96 90.49 257.88 459.13
170.26 123.72 431.57 314.67
166.5 141.31 281.69 356.08
288.71 29.21 295.06 378.65
258.3 137.19 306.08 360.65
276.03 83.96 402.89 463.75
279.84 117.21 271.74 439.17
237.4 79.19 272.35 336.19
239.99 96.19 305.3 338.65
241.67 126.85 329.97 387.45
186.78 34.7 254.15 414.69
262.88 85.98 198.8 458.48
196.13 98.74 298.83 312.94
