200
10040.0 9959.0 10418.0
310.28 41.38 290.27 434.86
311.95 67.51 395.41 452.29
296.62 37.68 398.9 399.79
257.04 58.77 354.54 440.6
204.44 77.85 295.69 422.95
206.44 123.34 296.88 404.81
276.18 59.17 350.09 385.72
215.08 3.5 337.62 383.05
260.85 134.66 405.01 468.13
306.64 14.19 405.51 378.46
188.67 83.52 313.44 421.34
270.92 45.4 279.05 372.23
163.15 37.41 361.16 318.06
267.78 129.13 396.14 440.57
267.68 86.56 366.66 340.71
223.11 111.92 278.07 454.0
192.42 148.12 372.83 371.01
309.74 149.21 257.43 338.89
309.29 111.58 384.71 335.85
201.3 96.24 251.1 316.04
306.29 33.54 223.61 325.87
288.65 96.82 387.35 393.23
170.85 134.44 380.73 427.18
215.99 135.09 435.17 336.05
214.84 124.92 346.21 384.58
166.94 52.43 322.23 328.66
248.09 113.93 237.76 418.84
212.01 18.65 298.14 459.0
192.47 89.58 279.48 340.77
303.82 6.0 238.48 334.15
240.22 18.41 360.39 334.83
176.78 18.9 307.85 449.19
305.33 34.9 283.59 423.59
173.86 124.06 321.26 342.34
247.6 108.32 213.4 429.19
275.77 57.33 268.12 437.7
197.03 71.67 187.74 437.37
183.08 26.86 299.76 415.27
251.5 100.69 228.97 318.56
306.09 116.92 201.97 428.57
277.62 1.92 320.82 400.06
248.0 122.17 256.55 352.13
162.29 145.78 359.69 313.6
237.27 103.67 292.2 447.69
282.61 151.55 323.54 440.11
256.93 137.15 414.55 354.35
263.81 71.23 264.0 432.22
178.11 131.91 257.69 464.66
257.95 110.62 361.14 406.42
178.71 4.14 259.87 442.19
279.92 74.66 439.75 399.21
260.44 95.22 369.22 439.76
200.42 47.81 402.92 315.48
272.22 4.49 368.46 454.82
221.35 63.16 345.42 319.19
258.38 143.28 268.13 429.29
246.94 54.4 427.56 330.02
174.34 155.79 244.69 458.28
299.01 76.11 356.91 418.19
272.46 78.75 333.44 348.57
185.53 9.37 338.74 340.83
223.8 22.24 317.31 460.32
174.27 10.35 234.87 395.67
304.87 120.12 413.87 326.17
168.45 119.49 276.45 462.59
263.45 4.74 333.73 404.14
303.44 90.81 298.48 402.95
193.49 115.01 221.46 445.61
277.78 85.59 342.61 452.59
203.52 121.14 314.16 389.11
229.36 43.52 420.06 313.67
274.12 9.91 325.35 342.28
182.37 52.66 393.47 459.55
188.41 28.12 427.47 375.55
189.94 48.96 313.97 325.98
194.87 81.13 457.44 339.07
235.91 58.25 371.64 377.27
271.94 105.84 337.74 380.2
245.83 26.23 188.14 385.51
180.13 146.84 295.77 461.83
177.62 128.05 348.94 405.19
202.28 130.95 414.57 361.88
303.29 126.2 228.74 441.35
255.96 26.45 345.07 444.67
184.18 124.24 377.1 415.53
306.45 11.23 292.9 324.22
295.68 84.85 276.98 357.14
219.71 127.37 211.07 356.53
283.64 122.67 404.15 450.16
269.05 64.87 399.19 334.33
176.15 58.31 340.53 353.92
236.72 39.81 372.75 362.48
295.25 70.86 382.38 389.51
188.71 48.84 357.1 442.75
160.41 114.75 222.72 407.81
233.27 58.28 350.44 409.67
309.83 113.22 233.11 324.74
282.07 27.19 384.23 356.07
303.94 43.78 293.58 324.47
171.66 85.44 319.95 452.15
290.44 56.51 221.1 356.18
199.38 123.74 289.66 394.42
158.16 58.16 211.61 442.96
188.59 24.15 330.36 415.77
206.6 120.92 223.99 323.88
194.6 102.93 306.48 457.38
255.4 64.14 286.89 399.09
215.27 36.23 369.1 404.4
228.44 75.94 287.35 388.3
249.0 57.51 235.63 382.2
248.57 37.67 245.55 432.68
214.0 133.21 278.22 399.02
311.84 132.07 330.91 387.19
167.01 103.78 303.15 388.49
213.56 37.09 326.4 362.6
267.59 35.99 407.48 373.12
164.01 49.75 297.9 416.22
256.85 102.36 237.58 434.59
203.96 70.86 283.82 315.79
178.06 61.57 347.11 339.42
174.77 116.33 341.88 453.18
235.1 18.78 325.0 393.54
299.02 44.18 360.33 409.31
275.9 90.52 328.16 428.56
221.37 5.56 310.89 369.43
297.07 47.96 326.97 443.54
171.84 78.66 266.7 341.65
237.71 76.13 282.3 367.69
227.17 80.39 451.67 364.6
203.71 41.44 375.01 383.36
247.9 49.74 424.61 338.8
272.13 69.48 281.64 425.8
273.67 46.94 361.91 434.55
270.53 124.68 239.76 323.04
302.32 16.63 425.09 337.47
312.37 116.95 352.5 437.56
297.49 9.8 310.0 382.93
253.29 75.03 225.75 325.68
302.28 92.19 340.43 331.02
250.46 12.31 345.51 450.81
182.0 54.15 391.72 378.12
298.96 22.03 329.0 378.77
274.97 25.93 296.54 408.76
188.57 16.27 235.74 431.95
259.62 77.78 325.01 403.65
242.16 113.46 404.19 355.76
195.34 42.48 245.87 322.09
256.86 27.92 189.14 319.91
302.45 76.17 345.3 422.1
204.74 76.04 280.99 465.26
263.28 101.08 274.13 435.16
296.0 62.81 388.39 408.54
161.14 30.45 247.27 463.45
292.51 127.01 311.14 349.84
161.48 21.67 293.71 371.66
220.8 109.44 308.33 397.27
258.38 57.47 306.97 419.84
165.05 83.16 317.18 380.78
227.54 152.55 268.58 447.64
308.33 48.44 374.36 446.58
166.21 147.64 366.66 313.96
203.6 59.7 293.55 411.78
175.59 16.51 205.02 361.88
251.48 24.49 249.19 467.93
259.58 68.9 349.02 400.01
182.72 97.35 240.2 466.7
221.1 59.48 312.11 407.45
167.74 28.83 394.55 427.54
260.18 113.7 333.13 407.55
265.11 30.86 315.81 410.12
291.96 13.16 297.22 340.6
198.28 153.53 327.9 415.62
217.85 7.41 347.02 328.76
305.08 60.09 224.96 441.86
215.57 21.43 244.2 343.07
270.91 108.96 420.22 332.86
249.06 53.52 285.14 446.38
165.57 110.46 242.62 366.27
246.57 60.11 228.27 411.96
255.92 62.06 338.49 380.16
295.69 77.93 323.19 336.98
244.81 16.96 221.01 319.23
280.92 24.58 237.01 377.18
288.81 140.17 353.82 463.41
302.46 114.28 379.27 467.66
223.17 40.33 401.73 381.97
303.12 67.53 379.92 441.64
202.44 88.32 237.83 456.59
185.6 13.63 359.04 385.95
160.97 34.5 279.83 458.43
180.8 36.63 341.68 427.24
190.74 123.49 334.95 390.9
181.36 49.55 373.35 358.66
280.29 93.33 337.91 412.4
206.26 152.89 285.47 425.76
238.41 13.39 237.32 420.4
162.99 119.89 308.72 358.55
286.4 46.27 411.11 398.13
301.26 117.32 288.4 336.14
175.71 83.67 182.04 365.56
