200
10108.0 10156.0 10348.0
187.61 72.77 141.29 236.82
152.07 53.64 199.44 294.57
127.58 7.75 217.87 292.21
129.82 45.38 159.34 226.18
118.65 52.11 214.93 225.57
104.41 21.11 167.79 273.12
124.03 43.55 229.66 219.12
112.29 56.73 208.88 235.85
104.44 17.32 163.53 201.52
137.27 33.89 196.94 209.16
182.14 9.93 187.88 298.9
195.27 16.37 233.62 231.18
179.76 15.81 246.13 202.1
115.53 80.88 207.05 217.97
124.92 52.63 178.99 221.47
112.41 85.96 271.06 215.4
103.98 75.44 155.48 276.17
152.86 3.3 168.29 232.73
119.01 83.76 179.25 218.13
142.22 57.23 229.43 268.33
178.38 68.6 188.37 256.53
147.79 67.96 149.72 240.06
100.07 23.0 243.81 259.86
103.11 9.7 195.02 290.82
115.49 58.17 145.97 241.59
165.86 68.48 167.26 217.74
149.03 5.79 240.55 289.19
108.04 22.74 189.47 288.69
181.24 53.6 176.06 291.6
191.24 69.31 179.35 229.91
142.24 1.58 160.33 234.64
180.67 56.6 206.9 214.23
126.75 64.2 220.07 234.24
118.41 68.66 214.08 260.12
144.45 38.39 172.98 223.03
134.31 6.19 172.79 288.81
125.26 29.22 162.45 267.39
176.07 52.87 141.07 240.94
190.63 13.38 266.77 219.05
115.93 81.59 126.18 231.96
101.79 22.61 249.59 286.67
142.59 49.79 173.77 231.69
142.86 43.09 184.61 252.56
109.13 82.85 117.56 262.44
123.53 36.96 214.09 252.9
133.65 87.63 156.44 291.1
174.06 57.66 206.84 255.0
144.91 44.38 267.9 213.14
128.84 83.61 164.59 256.41
101.9 35.15 250.4 231.01
153.79 76.14 191.67 254.09
159.21 99.39 225.02 243.73
156.94 89.7 158.3 293.26
108.42 28.62 164.24 245.49
126.05 74.39 155.95 232.56
128.9 90.21 147.12 282.21
108.91 60.5 201.54 209.4
135.81 7.42 187.75 296.15
104.33 14.34 172.83 201.15
112.95 7.17 199.5 276.03
192.35 52.16 176.11 200.56
132.06 1.29 254.9 294.87
132.51 82.19 231.8 287.37
133.77 80.68 180.17 282.68
199.94 96.49 201.69 200.3
157.47 14.99 216.54 297.38
134.57 22.35 251.76 223.52
155.59 38.47 205.12 209.78
187.39 71.82 233.02 224.81
171.33 13.11 189.63 298.68
191.45 54.3 147.98 200.73
148.77 76.17 218.66 285.05
131.24 83.88 216.03 232.46
197.14 44.64 233.74 278.13
141.44 88.83 183.25 227.78
178.35 24.18 195.35 204.75
149.75 76.14 237.32 245.55
189.8 91.78 240.46 286.78
107.44 78.2 197.34 283.87
176.23 56.32 178.95 276.22
190.96 35.58 127.96 297.38
120.93 45.77 235.0 247.66
159.8 9.16 172.78 213.75
190.58 36.92 213.01 230.05
134.98 3.73 190.12 204.21
115.22 61.5 183.34 250.03
141.57 20.08 277.0 210.98
151.33 72.68 190.13 255.5
141.81 16.76 236.68 208.2
106.77 25.72 215.71 237.1
172.66 65.88 195.39 207.28
179.14 59.1 129.87 248.25
197.96 60.23 146.43 251.94
104.5 16.04 118.61 220.62
176.31 29.34 161.59 244.21
135.64 93.51 256.15 284.89
197.36 3.87 123.02 263.97
125.44 26.43 191.77 274.31
159.86 72.62 188.19 259.49
196.52 13.31 199.46 250.26
108.86 80.96 281.54 252.95
154.59 99.83 219.5 280.68
169.32 29.62 180.62 281.91
116.8 5.6 209.17 296.35
146.2 83.47 210.66 251.99
119.13 86.36 167.53 210.71
133.39 83.91 213.12 207.41
144.72 11.2 127.96 296.26
141.0 42.38 255.77 247.7
163.33 34.72 251.57 268.32
105.52 36.85 256.9 279.82
127.61 61.21 165.52 233.66
152.77 52.94 183.88 273.0
186.37 4.91 183.0 274.89
121.76 70.42 254.03 280.45
196.52 50.82 264.82 215.27
139.91 77.7 126.49 271.43
110.88 92.81 142.95 244.41
186.17 97.77 187.64 273.0
174.23 49.52 137.83 250.15
154.42 52.04 189.69 230.76
138.92 49.74 198.05 237.42
199.87 24.93 208.2 215.18
129.47 66.17 189.95 277.96
157.29 31.63 206.89 268.06
194.72 98.0 209.5 243.82
113.58 54.38 212.51 257.65
193.2 25.06 141.38 239.54
119.92 1.56 152.77 260.02
108.95 29.9 202.36 248.22
138.12 23.49 228.63 241.06
117.35 99.57 205.55 268.42
175.5 38.11 230.11 212.5
198.1 43.44 232.98 230.75
105.06 24.66 150.94 247.91
183.44 16.42 190.99 215.28
141.06 99.52 190.04 219.34
178.84 3.13 260.4 235.79
184.05 34.21 172.24 295.68
167.52 40.84 127.05 293.03
104.17 49.33 273.77 275.04
135.25 68.89 154.95 268.21
167.8 10.99 103.75 262.48
177.26 84.66 246.94 272.87
174.22 93.88 204.97 260.41
101.71 15.34 191.45 271.53
189.74 78.36 245.89 234.53
139.54 73.71 222.92 242.62
112.62 89.14 213.68 200.38
130.71 84.1 138.1 224.62
138.84 86.97 245.3 252.29
140.13 37.42 148.28 294.7
103.19 26.98 199.13 227.26
103.11 59.44 155.42 223.9
104.06 60.15 224.68 278.86
146.71 62.97 208.66 252.15
139.41 14.47 131.84 247.23
114.57 80.66 211.6 297.86
194.24 9.73 159.46 290.9
164.91 66.55 209.85 271.2
112.38 25.16 240.18 202.32
184.82 2.89 194.12 288.79
115.25 52.61 183.94 206.97
152.33 67.59 203.38 233.73
117.99 72.07 289.11 243.22
175.29 72.92 134.16 283.44
151.97 74.02 179.28 279.72
143.32 15.81 140.86 281.36
171.44 20.23 215.24 216.83
136.41 30.29 179.29 210.39
166.9 57.24 239.27 293.0
131.35 40.74 240.42 292.6
150.83 48.54 217.61 201.55
194.68 59.21 257.35 202.75
172.33 26.08 151.26 291.95
107.44 99.8 189.53 200.04
188.72 2.7 134.63 215.27
139.58 79.17 261.13 232.23
144.8 94.28 227.78 232.83
124.41 31.11 226.85 201.77
184.89 69.97 125.59 210.12
113.65 73.34 208.68 269.54
190.27 65.61 175.03 242.12
110.14 99.47 106.09 267.23
107.0 96.53 241.34 215.06
172.75 62.46 260.0 263.18
131.44 55.16 192.06 273.68
175.65 47.62 218.15 245.4
121.53 69.61 254.24 214.61
135.96 91.53 248.01 202.37
183.86 39.05 164.9 287.26
170.12 86.5 160.77 222.61
175.68 8.39 163.7 218.85
167.73 45.77 237.39 274.07
144.39 2.76 221.24 281.78
190.18 27.23 188.05 272.88
160.67 9.0 207.64 248.23
192.88 66.46 206.55 260.56
104.44 47.51 167.64 272.64
194.57 31.96 236.06 292.43
